190.889973
190.706568
190.533145
190.371849
190.220842
190.082794
189.955473
189.840454
189.727821
189.627222
189.536242
189.454688
189.381412
189.317700
189.260118
189.211919
189.171427
189.138484
189.113925
189.095143
189.083186
189.078930
189.081426
189.090412
189.106373
189.127986
189.155489
189.189211
189.228863
189.273802
189.323539
189.378217
189.437029
189.502137
189.572769
189.647666
189.726790
189.810578
189.897966
189.990416
190.086469
190.185553
190.290023
190.398838
190.511367
190.627412
190.745514
190.869777
190.995095
191.124150
191.258051
191.392311
191.531455
191.673382
191.818751
191.965826
192.116780
192.270004
192.427169
192.586054
192.747018
192.909775
193.076787
193.243574
193.413679
193.584506
193.755775
193.933076
194.113003
194.291723
194.473340
194.655368
194.840386
195.025751
195.213864
195.402834
195.593829
195.785300
195.978973
196.174154
196.370732
196.569252
196.769169
196.968965
197.169855
197.372627
197.575635
197.779556
197.987870
198.194002
198.400851
198.608177
198.816743
199.026853
199.236538
199.445377
199.657537
199.871040
200.083816
200.298415
200.513425
193.461751
193.329822
193.210940
193.102468
193.005785
192.912473
192.830630
192.758794
192.694349
192.638918
192.592881
192.552386
192.520385
192.496077
192.478504
192.469614
192.466205
192.469476
192.479114
192.495835
192.518962
192.548944
192.584035
192.624347
192.670842
192.722877
192.779881
192.841742
192.908330
192.979920
193.054760
193.137102
193.223013
193.313031
193.407428
193.505326
193.608230
193.714264
193.822954
193.937099
194.055645
194.177097
194.301909
194.428968
194.561815
194.695778
194.834721
194.973367
195.117663
195.263953
195.414030
195.566254
195.721505
195.879011
196.039645
196.202474
196.368346
196.535868
196.706062
196.876792
197.049270
197.224959
197.401760
197.579974
197.760668
197.945541
198.130656
198.314330
198.502511
198.690715
198.881740
199.073781
199.267430
199.462523
199.657969
199.855498
200.054881
200.255869
200.456855
200.660340
200.863433
201.067517
201.273193
201.479111
201.686000
201.897144
202.105994
202.314748
202.525054
202.736134
202.948759
203.158556
203.371593
203.586930
203.801901
204.018111
204.234582
204.451583
204.667865
204.885647
205.103607
196.668356
196.590775
196.514966
196.450284
196.396860
196.349515
196.309031
196.278296
196.253020
196.235867
196.226194
196.222422
196.227276
196.238504
196.254354
196.277709
196.306547
196.342506
196.384741
196.431568
196.484378
196.542716
196.606123
196.673939
196.747051
196.824444
196.906649
196.992927
197.083678
197.179926
197.279847
197.383637
197.491426
197.602749
197.717057
197.835177
197.958615
198.085164
198.214233
198.346240
198.483563
198.623079
198.764633
198.911253
199.057617
199.208008
199.361822
199.517908
199.676852
199.838368
200.002629
200.168325
200.336991
200.507203
200.681477
200.856196
201.032787
201.209605
201.387947
201.570421
201.751876
201.937586
202.124433
202.312904
202.501220
202.692720
202.884554
203.078766
203.274107
203.470715
203.668451
203.866885
204.067063
204.269287
204.472789
204.677710
204.882058
205.087341
205.293433
205.501191
205.709092
205.921191
206.130774
206.341376
206.551323
206.763183
206.975421
207.185751
207.401011
207.615282
207.831027
208.046512
208.263575
208.480800
208.698058
208.913540
209.131694
209.350090
209.568828
209.788940
210.009954
200.469515
200.428536
200.394534
200.368459
200.350006
200.337009
200.332228
200.335445
200.344463
200.361452
200.384195
200.412904
200.447767
200.488475
200.535617
200.588984
200.646541
200.710077
200.778892
200.851919
200.930380
201.013547
201.101025
201.192858
201.289006
201.389637
201.494089
201.602487
201.714925
201.830886
201.950279
202.072392
202.198391
202.328894
202.462483
202.598422
202.736976
202.880841
203.025706
203.175770
203.327355
203.479560
203.635883
203.794851
203.956664
204.119997
204.286084
204.455224
204.625564
204.798263
204.972139
205.150697
205.328612
205.508681
205.689026
205.870390
206.055774
206.239872
206.428777
206.617693
206.807950
206.999251
207.192131
207.387269
207.583503
207.780870
207.979088
208.178563
208.379231
208.581097
208.783797
208.988934
209.195238
209.400827
209.607258
209.814491
210.023099
210.235015
210.444577
210.654771
210.864624
211.076218
211.288421
211.500936
211.711422
211.925917
212.141998
212.356280
212.572989
212.789116
213.006959
213.221133
213.438977
213.657262
213.875498
214.094485
214.313638
214.533648
214.753738
214.973604
215.193643
204.752657
204.745973
204.747961
204.753607
204.768257
204.788610
204.816023
204.850995
204.891102
204.936264
204.987390
205.044763
205.108658
205.176175
205.249326
205.327716
205.410126
205.497088
205.588454
205.684437
205.784448
205.888702
205.996867
206.109026
206.224768
206.344265
206.467645
206.593154
206.722624
206.855123
206.991860
207.131081
207.273557
207.418261
207.567399
207.717374
207.872558
208.027257
208.185258
208.345700
208.509089
208.674436
208.842083
209.010921
209.183787
209.357631
209.532959
209.710228
209.890326
210.072196
210.254536
210.437538
210.621825
210.808845
210.995185
211.185393
211.376044
211.568262
211.762300
211.955054
212.151733
212.349415
212.547684
212.746967
212.947573
213.149111
213.351722
213.556389
213.762588
213.967744
214.173703
214.380589
214.588094
214.796874
215.008602
215.218262
215.428551
215.638409
215.850152
216.062532
216.272359
216.485806
216.699739
216.916815
217.129890
217.345930
217.562098
217.774781
217.991689
218.208808
218.425949
218.643652
218.861536
219.079466
219.297608
219.516983
219.736012
219.954773
220.175353
220.394329
220.613141
209.436433
209.459650
209.491000
209.528097
209.572505
209.622239
209.676893
209.736963
209.803568
209.874966
209.952955
210.034732
210.121161
210.211744
210.306664
210.405819
210.509113
210.616493
210.727810
210.843090
210.962615
211.084751
211.211029
211.341044
211.473498
211.609143
211.749062
211.890707
212.034606
212.181607
212.333035
212.485760
212.640365
212.800168
212.959007
213.120456
213.285268
213.452339
213.621426
213.792412
213.965277
214.140437
214.316965
214.495868
214.676300
214.858302
215.041628
215.227830
215.413060
215.599429
215.788951
215.978096
216.168850
216.361742
216.555409
216.750172
216.945523
217.143257
217.342291
217.541538
217.741880
217.943352
218.146218
218.348929
218.554402
218.761277
218.967134
219.174078
219.381590
219.589830
219.801017
220.011235
220.221434
220.430745
220.642220
220.854061
221.066177
221.276169
221.489465
221.703174
221.917989
222.133864
222.347623
222.563578
222.774482
222.990530
223.206553
223.422591
223.638723
223.855010
224.071188
224.287366
224.504256
224.721100
224.939368
225.155579
225.372038
225.588528
225.804572
226.020682
226.236746
214.450304
214.504476
214.563873
214.628883
214.697313
214.772411
214.853129
214.939925
215.030258
215.124346
215.223561
215.326669
215.434093
215.545355
215.660575
215.779572
215.902286
216.028919
216.158257
216.290876
216.426714
216.565271
216.707056
216.852620
216.999705
217.148779
217.300989
217.457075
217.614017
217.775892
217.936892
218.101777
218.267634
218.436911
218.608035
218.781383
218.956203
219.133205
219.312867
219.492523
219.674673
219.858496
220.043229
220.229967
220.416921
220.607569
220.799465
220.989946
221.181115
221.375528
221.569505
221.766014
221.962585
222.161796
222.360688
222.561552
222.762691
222.964942
223.168073
223.372516
223.577175
223.784787
223.990916
224.197870
224.405891
224.613879
224.822340
225.033105
225.243280
225.451936
225.662445
225.873574
226.084935
226.293579
226.505559
226.717849
226.929740
227.143780
227.357503
227.569962
227.779041
227.992641
228.206391
228.420690
228.634599
228.848243
229.062252
229.276083
229.489658
229.703635
229.917183
230.133044
230.346537
230.560046
230.773426
230.986981
231.199820
231.413009
231.625937
231.838941
232.052976
