199.119786
198.784535
198.464067
198.157058
197.862206
197.576190
197.302994
197.041725
196.791152
196.552213
196.322057
196.102876
195.895986
195.699140
195.504970
195.324231
195.152070
194.989711
194.835340
194.691086
194.551861
194.422018
194.300313
194.186449
194.078828
193.980184
193.887685
193.803214
193.725142
193.654388
193.591656
193.534451
193.484281
193.439611
193.402287
193.369810
193.343066
193.320519
193.305329
193.295202
193.291343
193.291889
193.297444
193.307939
193.322217
193.341653
193.366102
193.395422
193.427694
193.466144
193.508598
193.555490
193.606154
193.658163
193.717525
193.778758
193.845439
193.915579
193.987185
194.063581
194.143354
194.226651
194.311639
194.401843
194.493962
194.589679
194.686949
194.788194
194.892181
194.998616
195.106560
195.217361
195.328545
195.445677
195.565540
195.686867
195.810794
195.936880
196.064420
196.194873
196.326684
196.461371
196.597220
196.735850
196.876342
197.019063
197.163248
197.309305
197.456971
197.606302
197.758277
197.911537
198.065616
198.221528
198.378496
198.537111
198.700167
198.861344
199.023916
199.188817
199.352663
198.977275
198.642456
198.322447
198.015928
197.721539
197.436015
197.163294
196.902524
196.652449
196.414044
196.184434
195.965799
195.759472
195.563214
195.369613
195.189470
195.017908
194.856158
194.702412
194.558783
194.420224
194.291033
194.169986
194.056782
193.949838
193.851903
193.760132
193.676407
193.599103
193.529130
193.467167
193.410728
193.361316
193.317406
193.280849
193.249167
193.223278
193.201539
193.187096
193.177715
193.174577
193.175840
193.182109
193.193331
193.208352
193.228530
193.253716
193.283756
193.316728
193.355880
193.399057
193.446666
193.498068
193.550814
193.610887
193.672828
193.740210
193.811050
193.883362
193.960439
194.040882
194.124840
194.210484
194.301336
194.394100
194.490457
194.588366
194.690262
194.794888
194.901951
195.010508
195.121921
195.233741
195.351518
195.471995
195.593936
195.718482
195.845198
195.973372
196.104465
196.236892
196.372195
196.508637
196.647873
196.788968
196.932285
197.077060
197.223705
197.371948
197.521847
197.674386
197.828201
197.982828
198.139273
198.296782
198.455948
198.619528
198.781224
198.944315
199.109729
199.274086
198.835959
198.501544
198.181972
197.875912
197.581957
197.296900
197.024631
196.764338
196.514737
196.276845
196.047763
195.829658
195.623877
195.428191
195.235144
195.055583
194.884604
194.723450
194.570316
194.427301
194.289394
194.160840
194.040439
193.927886
193.821611
193.724376
193.633328
193.550346
193.473808
193.404610
193.343404
193.287718
193.239056
193.195897
193.160106
193.129223
193.104176
193.083218
193.069509
193.060864
193.058438
193.060407
193.067382
193.079335
193.095101
193.116009
193.141920
193.172673
193.206339
193.246189
193.290083
193.338403
193.390539
193.444015
193.504792
193.567435
193.635510
193.707048
193.780057
193.857809
193.938916
194.023530
194.109825
194.201319
194.294722
194.391717
194.490276
194.592813
194.698060
194.805742
194.914907
195.026926
195.139391
195.257802
195.378887
195.501440
195.626605
195.753957
195.882758
196.014478
196.147516
196.283445
196.420468
196.560310
196.702008
196.845916
196.991275
197.138503
197.287316
197.437778
197.590876
197.745240
197.900412
198.057388
198.215438
198.375143
198.539242
198.701453
198.865058
199.030982
199.195847
198.695173
198.361157
198.042015
197.736401
197.442868
197.158267
196.886443
196.626620
196.377484
196.140097
195.911537
195.693958
195.488719
195.293601
195.101104
194.922121
194.751722
194.591161
194.438636
194.296233
194.158971
194.031048
193.911289
193.799387
193.693780
193.597246
193.506924
193.424689
193.348921
193.280496
193.220043
193.165103
193.117185
193.074779
193.039759
193.009683
192.985455
192.965269
192.952285
192.944370
192.942649
192.945318
192.952993
192.965699
192.982201
193.003829
193.030457
193.061918
193.096274
193.136820
193.181431
193.230457
193.283324
193.337527
193.399003
193.462342
193.531104
193.603347
193.677042
193.755463
193.837231
193.922497
194.009438
194.101571
194.195612
194.293256
194.392455
194.495620
194.601483
194.709780
194.819549
194.932169
195.045294
195.164325
195.286017
195.409182
195.534972
195.662960
195.792379
195.924720
196.058377
196.194946
196.332530
196.472980
196.615277
196.759771
196.905710
197.053516
197.202894
197.353916
197.507567
197.662478
197.818191
197.975698
198.134287
198.294521
198.459135
198.621858
198.785974
198.952406
199.117776
198.554797
198.221180
197.902462
197.597285
197.304165
197.020016
196.748632
196.489272
196.240595
196.003710
195.775671
195.558617
195.353919
195.159364
194.967417
194.789010
194.619190
194.459220
194.307303
194.165511
194.028889
193.901594
193.782477
193.671225
193.566289
193.470457
193.380866
193.299385
193.224389
193.156737
193.097029
193.042831
192.995656
192.954004
192.919762
192.890494
192.867062
192.847646
192.835375
192.828188
192.827168
192.830536
192.838931
192.852385
192.869602
192.891940
192.919279
192.951445
192.986488
193.027729
193.073052
193.122782
193.176377
193.231302
193.293472
193.357501
193.426945
193.499895
193.574265
193.653349
193.735774
193.821688
193.909273
194.002041
194.096729
194.195017
194.294843
194.398628
194.505104
194.614013
194.724385
194.837602
194.951396
195.071040
195.193337
195.317118
195.443537
195.572157
195.702184
195.835149
195.969448
196.106659
196.244782
196.385838
196.528727
196.673803
196.820315
196.968696
197.118635
197.270210
197.424412
197.579866
197.736118
197.894155
198.053279
198.214036
198.379162
198.542394
198.707018
198.873955
199.039828
198.414800
198.081586
197.763287
197.458536
197.165823
196.882122
196.611175
196.352271
196.104051
195.867665
195.640146
195.423618
195.219458
195.025466
194.834066
194.656235
194.486992
194.327613
194.176302
194.035120
193.899132
193.772465
193.653988
193.543387
193.439125
193.343999
193.255145
193.174422
193.100203
193.033319
192.974351
192.920888
192.874456
192.833563
192.800101
192.771636
192.748986
192.730335
192.718767
192.712305
192.711988
192.716072
192.725218
192.739364
192.757285
192.780325
192.808370
192.841239
192.876965
192.918898
192.964931
193.015362
193.069680
193.125323
193.188181
193.252895
193.323015
193.396672
193.471709
193.551453
193.634529
193.721087
193.809313
193.902722
193.998057
194.096972
194.197419
194.301823
194.408908
194.518427
194.629400
194.743240
194.857678
194.977930
195.100833
195.225234
195.352282
195.481526
195.612154
195.745773
195.880732
196.018563
196.157212
196.298865
196.442340
196.587992
196.735071
196.884022
197.034518
197.186644
197.341393
197.497387
197.654176
197.812741
197.972394
198.133670
198.299303
198.463041
198.628172
198.795612
198.961986
198.275178
197.942368
197.624482
197.320149
197.027837
196.744581
196.474064
196.215614
195.967846
195.731959
195.504960
195.288957
195.085335
194.891903
194.701051
194.523793
194.355127
194.196338
194.045631
193.905059
193.769701
193.643658
193.525822
193.415872
193.312287
193.217873
193.129763
193.049804
192.976360
192.910240
192.852004
192.799274
192.753586
192.713455
192.680775
192.653101
192.631238
192.613330
192.602458
192.596721
192.597112
192.601923
192.611782
192.626621
192.645241
192.668978
192.697726
192.731295
192.767701
192.810324
192.857063
192.908191
192.963227
193.019584
193.083125
193.148519
193.219315
193.293670
193.369368
193.449767
193.533491
193.620689
193.709555
193.803614
193.899577
193.999113
194.100178
194.205197
194.312890
194.423017
194.534593
194.649099
194.764132
194.884992
195.008504
195.133528
195.261200
195.391057
195.522302
195.656622
195.792213
195.930638
196.069813
196.212054
196.356106
196.502328
196.649971
196.799488
196.950536
197.103210
197.258502
197.415033
197.572356
197.731448
197.891623
198.053414
198.219552
198.383795
198.549428
198.717370
198.884243
198.135934
197.803530
197.486048
197.182124
196.890210
196.607393
196.337303
196.079300
195.831985
195.596597
195.370118
195.154639
194.951553
194.758680
194.568374
194.391690
194.223599
194.065399
193.915295
193.775330
193.640599
193.515179
193.397983
193.288686
193.185783
193.092086
193.004725
192.925535
192.852866
192.787503
192.729992
192.677993
192.633050
192.593685
192.561785
192.534887
192.513822
192.496630
192.486450
192.481438
192.482537
192.488063
192.498621
192.514152
192.533468
192.557900
192.587348
192.621614
192.658696
192.702006
192.749449
192.801270
192.857018
192.914086
192.978303
193.044373
193.115872
193.190889
193.267242
193.348290
193.432659
193.520493
193.610011
193.704701
193.801287
193.901440
194.003120
194.108752
194.217050
194.327784
194.439966
194.555129
194.670759
194.792229
194.916354
195.042002
195.170292
195.300747
195.432719
195.567683
195.703868
195.842873
195.982580
196.125401
196.270023
196.416809
196.565010
196.715090
196.866686
197.019904
197.175738
197.332802
197.490656
197.650270
197.810965
197.973268
198.139907
198.304651
198.470786
198.639228
198.806597
197.997076
197.665077
197.347989
197.044467
196.752948
196.470565
196.200895
195.943339
195.696476
195.461587
195.235627
195.020672
194.818120
194.625804
194.436043
194.259932
194.092416
193.934802
193.785300
193.645940
193.511832
193.387033
193.270477
193.161834
193.059619
192.966646
192.880042
192.801623
192.729725
192.665112
192.608320
192.557051
192.512856
192.474257
192.443134
192.417003
192.396722
192.380236
192.370745
192.366455
192.368258
192.374487
192.385737
192.401960
192.421969
192.447092
192.477237
192.512198
192.549952
192.593947
192.642090
192.694602
192.751057
192.808829
192.873719
192.940461
193.012658
193.088328
193.165333
193.247026
193.332034
193.420501
193.510673
193.605985
193.703189
193.803957
193.906249
194.012490
194.121390
194.232732
194.345528
194.461335
194.577565
194.699648
194.824389
194.950662
195.079573
195.210740
195.343373
195.478920
195.615685
195.755264
195.895510
196.038902
196.184088
196.331433
196.480189
196.630828
196.782970
196.936728
197.093099
197.250695
197.409076
197.569210
197.730420
197.893230
198.060368
198.225612
198.392245
198.561186
198.729048
197.858614
197.527014
197.210312
196.907187
196.616057
196.334102
196.064849
195.807738
195.561328
195.326938
195.101496
194.887063
194.685044
194.493283
194.304068
194.128527
193.961584
193.804556
193.655653
193.516897
193.383408
193.259230
193.143314
193.035328
192.933806
192.841566
192.755724
192.678077
192.606943
192.543072
192.486994
192.436455
192.393010
192.355178
192.324824
192.299469
192.279938
192.264154
192.255346
192.251775
192.254274
192.261198
192.273136
192.290047
192.310747
192.336559
192.367398
192.403052
192.441475
192.486151
192.534992
192.588189
192.645346
192.703817
192.769374
192.836787
192.909674
192.985992
193.063644
193.145978
193.231622
193.320719
193.411539
193.507468
193.605288
193.706666
193.809568
193.916417
194.025919
194.137868
194.251286
194.367724
194.484557
194.607258
194.732621
194.859529
194.989115
195.120999
195.254199
195.390322
195.527661
195.667811
195.808600
195.952558
196.098303
196.246202
196.395508
196.546704
196.699388
196.853683
197.010589
197.168713
197.327617
197.488267
197.649988
197.813303
197.980938
198.146678
198.313808
198.483245
198.651600
197.720560
197.389351
197.073024
196.770292
196.479544
196.198013
195.929175
195.672508
195.426553
195.192660
194.967736
194.753824
194.552336
194.361127
194.172455
193.997486
193.831114
193.674670
193.526365
193.388209
193.255337
193.131777
193.016502
192.909176
192.808356
192.716857
192.631781
192.554904
192.484527
192.421389
192.366022
192.316215
192.273522
192.236452
192.206861
192.182279
192.163472
192.148386
192.140258
192.137398
192.140587
192.148200
192.160822
192.178419
192.199807
192.226307
192.257837
192.294182
192.333269
192.378623
192.428159
192.482036
192.539891
192.599053
192.665274
192.733358
192.806923
192.883886
192.962181
193.045151
193.131427
193.221152
193.312614
193.409157
193.507587
193.609575
193.713083
193.820536
193.930639
194.043199
194.157243
194.274303
194.391744
194.515070
194.641066
194.768634
194.898916
195.031422
195.165188
195.301888
195.439798
195.580515
195.721851
195.866369
196.012668
196.161118
196.310970
196.462720
196.615942
196.770772
196.928209
197.086858
197.246282
197.407444
197.569673
197.733491
197.901619
198.067853
198.235478
198.405408
198.574253
197.582924
197.252095
196.936135
196.633790
196.343420
196.062306
195.793881
195.537659
195.292160
195.058764
194.834356
194.620963
194.420004
194.229345
194.041217
193.866817
193.701016
193.545153
193.397443
193.259885
193.127627
193.004684
192.890050
192.783389
192.683282
192.592530
192.508224
192.432112
192.362481
192.300072
192.245412
192.196339
192.154398
192.118086
192.089251
192.065426
192.047329
192.032936
192.025482
192.023328
192.027202
192.035498
192.048801
192.067081
192.089155
192.116339
192.148559
192.185590
192.225338
192.271369
192.321595
192.376149
192.434696
192.494539
192.561424
192.630178
192.704410
192.782013
192.860948
192.944548
193.031455
193.121808
193.213902
193.311054
193.410094
193.512686
193.616798
193.724856
193.835559
193.948732
194.063403
194.181082
194.299138
194.423098
194.549741
194.677982
194.808911
194.942014
195.076346
195.213620
195.352098
195.493380
195.635263
195.780337
195.927186
196.076182
196.226578
196.378878
196.532636
196.687997
196.845961
197.005132
197.165072
197.326744
197.489478
197.653795
197.822414
197.989141
198.157257
198.327680
198.497012
197.445715
197.115254
196.799652
196.497690
196.207691
195.926993
195.658980
195.403205
195.158162
194.925261
194.701366
194.488490
194.288058
194.097947
193.910361
193.736529
193.571297
193.416015
193.268896
193.131935
193.000287
192.877959
192.763968
192.657978
192.558597
192.468596
192.385064
192.309706
192.240812
192.179125
192.125172
192.076836
192.035645
192.000084
191.972000
191.948909
191.931512
191.917807
191.911023
191.909570
191.914123
191.923099
191.937078
191.956040
191.978796
192.006661
192.039567
192.077284
192.117689
192.164393
192.215305
192.270531
192.329764
192.390284
192.457829
192.527252
192.602140
192.680382
192.759951
192.844177
192.931712
193.022692
193.115408
193.213167
193.312811
193.416006
193.520721
193.629381
193.740685
193.854475
193.969772
194.088070
194.206750
194.331354
194.458649
194.587542
194.719087
194.852780
194.987676
195.125523
195.264565
195.406408
195.548838
195.694463
195.841860
195.991398
196.142333
196.295182
196.449473
196.605361
196.763850
196.923538
197.083991
197.246170
197.409405
197.574219
197.743326
197.910543
198.079149
198.250062
198.419879
197.308939
196.978836
196.663587
196.362000
196.072368
195.792083
195.524482
195.269154
195.024568
194.792160
194.568777
194.356416
194.156508
193.966942
193.779897
193.606633
193.441967
193.287263
193.140734
193.004366
192.873326
192.751611
192.638265
192.532958
192.434312
192.345066
192.262307
192.187690
192.119525
192.058557
192.005312
191.957714
191.917268
191.882450
191.855107
191.832732
191.816025
191.803004
191.796886
191.796127
191.801355
191.811007
191.825660
191.845299
191.868736
191.897280
191.930870
191.969268
192.010326
192.057699
192.109294
192.165187
192.225100
192.286291
192.354493
192.424581
192.500118
192.579006
192.659197
192.744041
192.832206
192.923806
193.017136
193.115498
193.215745
193.319540
193.424855
193.534117
193.646025
193.760433
193.876358
193.995279
194.114588
194.239841
194.367780
194.497300
194.629445
194.763724
194.899183
195.037599
195.177201
195.319602
195.462577
195.608751
195.756691
195.906768
196.058240
196.211634
196.366454
196.522867
196.681877
196.842079
197.003041
197.165724
197.329458
197.494766
197.664359
197.832064
198.001157
198.172558
198.342857
197.172605
196.842849
196.527945
196.226730
195.937460
195.657587
195.390399
195.135519
194.891388
194.659472
194.436596
194.224748
194.025362
193.836339
193.649835
193.477135
193.313034
193.158906
193.012966
192.877187
192.746752
192.625649
192.512952
192.408342
192.310437
192.221954
192.139960
192.066069
191.998627
191.938375
191.885843
191.838981
191.799272
191.765189
191.738574
191.716899
191.700873
191.688528
191.683074
191.683005
191.688904
191.699227
191.714552
191.734865
191.758979
191.788200
191.822470
191.861548
191.903255
191.951295
192.003567
192.060121
192.120708
192.182565
192.251423
192.322170
192.398353
192.477882
192.558691
192.644149
192.732939
192.825153
192.919093
193.018055
193.118901
193.223294
193.329208
193.439072
193.551584
193.666616
193.783166
193.902715
194.022659
194.148554
194.277119
194.407252
194.539991
194.674853
194.810870
194.949852
195.090010
195.232965
195.376484
195.523202
195.671683
195.822296
195.974301
196.128238
196.283582
196.440517
196.600045
196.760757
196.922225
197.085409
197.249640
197.415439
197.585516
197.753705
197.923284
198.095171
198.265949
197.036719
196.707292
196.392737
196.091886
195.802977
195.523516
195.256740
195.002310
194.758633
194.527204
194.304834
194.093496
193.894630
193.706147
193.520181
193.348047
193.184508
193.030954
192.885599
192.750408
192.620573
192.500080
192.388041
192.284143
192.186982
192.099270
192.018027
191.944846
191.878125
191.818586
191.766772
191.720642
191.681660
191.648302
191.622400
191.601413
191.586059
191.574383
191.569593
191.570208
191.576774
191.587766
191.603757
191.624743
191.649532
191.679425
191.714374
191.754129
191.796481
191.845183
191.898127
191.955337
192.016592
192.079112
192.148620
192.220022
192.296856
192.377009
192.458434
192.544506
192.633913
192.726737
192.821282
192.920841
193.022284
193.127273
193.233785
193.344252
193.457370
193.573029
193.690205
193.810383
193.930959
194.057486
194.186665
194.317400
194.450729
194.586169
194.722741
194.862284
195.002996
195.146500
195.290561
195.437820
195.586838
195.737983
195.890518
196.044994
196.200862
196.358315
196.518357
196.679576
196.841547
197.005229
197.169952
197.336240
197.506799
197.675471
197.845532
198.017903
198.189159
196.901285
196.572179
196.257969
195.957480
195.668929
195.389878
195.123517
194.869535
194.626311
194.395368
194.173498
193.962668
193.764318
193.576374
193.390946
193.219374
193.056397
192.903416
192.758642
192.624035
192.494796
192.374913
192.263544
192.160375
192.063958
191.977023
191.896509
191.824025
191.758027
191.699220
191.648108
191.602700
191.564434
191.531791
191.506588
191.486278
191.471588
191.460571
191.456445
191.457741
191.464970
191.476627
191.493283
191.514937
191.540398
191.570962
191.606586
191.647014
191.690008
191.739368
191.792979
191.850839
191.912757
191.975935
192.046090
192.118148
192.195621
192.276390
192.358429
192.445113
192.535133
192.628560
192.723708
192.823861
192.925898
193.031481
193.138591
193.249662
193.363390
193.479676
193.597479
193.718285
193.839484
193.966633
194.096415
194.227748
194.361662
194.497676
194.634798
194.774898
194.916158
195.060210
195.204810
195.352607
195.502158
195.653832
195.806894
195.961907
196.118294
196.276261
196.436815
196.598537
196.761008
196.925185
197.090400
197.257173
197.428211
197.597364
197.767905
197.940758
198.112490
196.766311
196.437521
196.123650
195.823520
195.535326
195.256685
194.990738
194.737205
194.494432
194.263969
194.042598
193.832272
193.634437
193.447027
193.262136
193.091127
192.928709
192.776297
192.632104
192.498076
192.369429
192.250156
192.139479
192.037045
191.941380
191.855217
191.775409
191.703610
191.638352
191.580337
191.529857
191.485157
191.447597
191.415657
191.391141
191.371498
191.357464
191.347098
191.343636
191.345608
191.353497
191.365816
191.383133
191.405453
191.431583
191.462815
191.499111
191.540209
191.583841
191.633853
191.688125
191.746629
191.809206
191.873041
191.943839
192.016552
192.094649
192.176031
192.258680
192.345973
192.436600
192.530629
192.626375
192.727119
192.829749
192.935925
193.043632
193.155308
193.269648
193.386563
193.504989
193.626418
193.748233
193.875993
194.006374
194.138301
194.272794
194.409377
194.547044
194.687698
194.829502
194.974097
195.119233
195.267566
195.417647
195.569847
195.723433
195.878980
196.035883
196.194361
196.355422
196.517644
196.680611
196.845281
197.010984
197.178241
197.349756
197.519387
197.690406
197.863738
198.035943
196.631803
196.303324
195.989789
195.690015
195.402176
195.123946
194.858414
194.605329
194.363004
194.133017
193.912140
193.702315
193.504992
193.318115
193.133759
192.963311
192.801451
192.649608
192.505991
192.372538
192.244480
192.125820
192.015865
191.914155
191.819271
191.733851
191.654729
191.583604
191.519138
191.461863
191.412019
191.368015
191.331151
191.299902
191.276060
191.257077
191.243691
191.233968
191.231171
191.233813
191.242359
191.255337
191.273313
191.296294
191.323091
191.354988
191.391952
191.433717
191.477982
191.528643
191.583570
191.642713
191.705943
191.770433
191.841876
191.915229
191.993944
192.075934
192.159191
192.247089
192.338320
192.432946
192.529287
192.630620
192.733841
192.840608
192.948914
193.061195
193.176149
193.293690
193.412737
193.534782
193.657204
193.785571
193.916546
194.049062
194.184128
194.321274
194.459482
194.600684
194.743029
194.888164
195.033835
195.182699
195.333307
195.486030
195.640136
195.796213
195.953629
196.112615
196.274180
196.436900
196.600360
196.765520
196.931707
197.099446
197.271436
197.441543
197.613038
197.786847
197.959523
196.497767
196.169596
195.856395
195.556975
195.269490
194.991671
194.726553
194.473913
194.232033
194.002519
193.782132
193.572806
193.375992
193.189645
193.005824
192.835937
192.674633
192.523355
192.380312
192.247430
192.119786
192.001918
191.892721
191.791712
191.697641
191.612924
191.534477
191.464090
191.400374
191.343798
191.294595
191.251275
191.215096
191.184528
191.161349
191.143018
191.130273
191.121188
191.119052
191.122362
191.131561
191.145194
191.163825
191.187467
191.214927
191.247486
191.285115
191.327542
191.372438
191.423741
191.479316
191.539093
191.602977
191.668117
191.740201
191.814180
191.893509
191.976104
192.059964
192.148465
192.240295
192.335515
192.432449
192.534369
192.638177
192.745537
192.854440
192.967328
193.082896
193.201061
193.320721
193.443374
193.566399
193.695369
193.826935
193.960033
194.095665
194.233368
194.372113
194.513859
194.656742
194.802413
194.948616
195.098008
195.249141
195.402384
195.557007
195.713610
195.871535
196.031026
196.193092
196.356305
196.520256
196.685904
196.852573
197.020790
197.193253
197.363834
197.535802
197.710087
197.883231
196.364213
196.036346
195.723475
195.424407
195.137276
194.859868
194.595164
194.342968
194.101529
193.872481
193.652584
193.443750
193.247444
193.061624
192.878338
192.709010
192.548261
192.397546
192.255073
192.122757
191.995690
191.878471
191.770044
191.669739
191.576483
191.492439
191.414675
191.345028
191.282040
191.226143
191.177584
191.134937
191.099434
191.069535
191.047012
191.029326
191.017216
191.008763
191.007283
191.011257
191.021107
191.035392
191.054675
191.078974
191.107094
191.140313
191.178603
191.221689
191.267210
191.319149
191.375367
191.435771
191.500313
191.566101
191.638813
191.713409
191.793349
191.876543
191.961003
192.050103
192.142530
192.238341
192.335865
192.438368
192.542764
192.650714
192.760215
192.873710
192.989891
193.108674
193.228941
193.352196
193.475821
193.605393
193.737543
193.871215
194.007407
194.145662
194.284939
194.427227
194.570644
194.716848
194.863579
195.013497
195.165151
195.318910
195.474047
195.631174
195.789605
195.949596
196.112160
196.275864
196.440302
196.606435
196.773584
196.942277
197.115210
197.286264
197.458703
197.633460
197.807072
196.231147
195.903581
195.591038
195.292321
195.005543
194.728547
194.464255
194.212499
193.971495
193.742910
193.523496
193.315155
193.119354
192.934060
192.751307
192.582539
192.422343
192.272188
192.130281
191.998528
191.872033
191.755521
191.647831
191.548303
191.455787
191.372404
191.295341
191.226393
191.164129
191.108901
191.060986
191.019002
190.984166
190.954928
190.933050
190.916002
190.904522
190.896697
190.895869
190.900503
190.911000
190.925935
190.945867
190.970820
190.999597
191.033473
191.072419
191.116159
191.162303
191.214872
191.271726
191.332762
191.397950
191.464383
191.537712
191.612919
191.693466
191.777256
191.862312
191.952008
192.045028
192.141427
192.239538
192.342622
192.447603
192.556143
192.666242
192.780345
192.897134
193.016530
193.137396
193.261251
193.385477
193.515647
193.648371
193.782609
193.919355
194.058157
194.197963
194.340789
194.484736
194.631471
194.778728
194.929168
195.081340
195.235612
195.391259
195.548907
195.707839
195.868329
196.031386
196.195579
196.360501
196.527115
196.694742
196.863910
197.037311
197.208834
197.381742
197.556970
197.731046
196.098577
195.771308
195.459092
195.160724
194.874299
194.597714
194.333832
194.082512
193.841940
193.613814
193.394878
193.187027
192.991728
192.806958
192.624741
192.456532
192.296886
192.147287
192.005942
191.874749
191.748820
191.633103
191.526085
191.427405
191.335552
191.252828
191.176455
191.108198
191.046643
190.992074
190.944801
190.903473
190.869295
190.840707
190.819469
190.803052
190.792196
190.784994
190.784813
190.790103
190.801245
190.816826
190.837405
190.863009
190.892441
190.926970
190.966568
191.010956
191.057718
191.110911
191.168398
191.230067
191.295896
191.362961
191.436901
191.512713
191.593864
191.678246
191.763895
191.854182
191.947791
192.044775
192.143471
192.247135
192.352700
192.461828
192.572524
192.687232
192.804627
192.924628
193.046088
193.170546
193.295374
193.426129
193.559418
193.694216
193.831510
193.970856
194.111187
194.254547
194.399022
194.546283
194.694064
194.845023
194.997709
195.152491
195.308646
195.466809
195.626242
195.787225
195.950773
196.115450
196.280855
196.447949
196.616050
196.785689
196.959557
197.131547
197.304923
197.480619
197.655159
195.966505
195.639537
195.327645
195.029623
194.743553
194.467378
194.203903
193.953016
193.712870
193.485196
193.266736
193.059373
192.864574
192.680326
192.498645
192.330995
192.171896
192.022850
191.882065
191.751430
191.626062
191.511182
191.404833
191.306988
191.215779
191.133710
191.058013
190.990448
190.929580
190.875664
190.829030
190.788351
190.754822
190.726877
190.706269
190.690478
190.680240
190.673657
190.674119
190.680062
190.691845
190.708071
190.729293
190.755545
190.785628
190.820806
190.861051
190.906083
190.953459
191.007271
191.065388
191.127681
191.194150
191.261838
191.336383
191.412797
191.494545
191.579517
191.665754
191.756628
191.850824
191.948390
192.047667
192.151908
192.258056
192.367773
192.479064
192.594375
192.712369
192.832968
192.955023
193.080092
193.205511
193.336839
193.470684
193.606037
193.743875
193.883761
194.024613
194.168505
194.313504
194.461288
194.609590
194.761065
194.914262
195.069550
195.226208
195.384886
195.544813
195.706288
195.870324
196.035482
196.201366
196.368936
196.537511
196.707618
196.881951
197.054407
197.228247
197.404409
197.579412
195.832677
195.508274
195.196703
194.899029
194.613312
194.337546
194.074473
193.824013
193.584290
193.357065
193.139076
192.932196
192.737897
192.554173
192.373028
192.205935
192.047379
191.898884
191.758657
191.628583
191.503902
191.389749
191.284191
191.187040
191.096471
191.015045
190.940025
190.873145
190.812943
190.759672
190.713674
190.673638
190.640750
190.613439
190.593455
190.578284
190.568658
190.562691
190.563791
190.570383
190.582804
190.599671
190.621534
190.648432
190.679163
190.714986
190.755872
190.801542
190.849527
190.903953
190.962698
191.025613
191.092711
191.161016
191.236161
191.313171
191.395513
191.481070
191.567892
191.659350
191.754129
191.852273
191.952130
192.056946
192.163675
192.273978
192.385864
192.501773
192.620360
192.741552
192.864214
192.989893
193.115886
193.247775
193.382171
193.518072
193.656451
193.796873
193.938244
194.082664
194.228183
194.376489
194.525308
194.677295
194.831000
194.986791
195.143950
195.303137
195.463556
195.625519
195.790039
195.955677
196.122036
196.290081
196.459125
196.629700
196.804496
196.977415
197.151718
197.328343
197.503813
195.701658
195.377524
195.066273
194.768947
194.483583
194.208223
193.945548
193.695511
193.456204
193.229424
193.011902
192.805505
192.611704
192.428504
192.247897
192.081358
191.923342
191.775393
191.635725
191.506225
191.382350
191.268818
191.164078
191.067564
190.977628
190.896830
190.822510
190.756287
190.696733
190.644102
190.598736
190.559335
190.527081
190.500396
190.481029
190.466470
190.457454
190.452099
190.453831
190.461069
190.474126
190.491632
190.514133
190.541672
190.573048
190.609512
190.651033
190.697335
190.745927
190.800963
190.860329
190.923864
190.991580
191.060498
191.136239
191.213840
191.296770
191.382909
191.470311
191.562349
191.657707
191.756429
191.856862
191.962252
192.069560
192.180448
192.292924
192.409428
192.528601
192.650387
192.773677
192.899943
193.026494
193.158938
193.293878
193.430325
193.569240
193.710196
193.852082
193.997027
194.143064
194.291886
194.441220
194.593717
194.747926
194.904217
195.061872
195.221566
195.382473
195.544920
195.709922
195.876035
196.042868
196.211385
196.380896
196.551936
196.727193
196.900574
197.075338
197.252425
197.428377
195.571162
195.247296
194.936363
194.639385
194.354373
194.079416
193.817133
193.567514
193.328620
193.102280
192.885222
192.679303
192.486002
192.303330
192.123257
191.957269
191.799789
191.652385
191.513279
191.384386
191.261283
191.148415
191.044450
190.948561
190.859247
190.779070
190.705463
190.639869
190.580952
190.528957
190.484219
190.445446
190.413817
190.387750
190.368994
190.355043
190.346630
190.341882
190.344244
190.352123
190.365815
190.383956
190.407092
190.435270
190.467287
190.504387
190.546538
190.593466
190.642659
190.698300
190.758288
190.822431
190.890762
190.960286
191.036617
191.114807
191.198320
191.285037
191.373015
191.465629
191.561564
191.660860
191.761867
191.867827
191.975713
192.087184
192.200249
192.317340
192.437091
192.559505
192.683406
192.810234
192.937335
193.070327
193.205808
193.342796
193.482245
193.623730
193.766128
193.911595
194.058147
194.207483
194.357329
194.510332
194.665042
194.821829
194.979978
195.140174
195.301566
195.464494
195.629974
195.796559
195.963863
196.132850
196.302827
196.474330
196.650046
196.823887
196.999110
197.176655
197.353108
195.441194
195.117593
194.806980
194.510350
194.225689
193.951129
193.689234
193.440027
193.201541
192.975636
192.759040
192.553597
192.360800
192.178656
191.999114
191.833673
191.676726
191.529867
191.391330
191.263096
191.140710
191.028559
190.925306
190.830032
190.741330
190.661836
190.588871
190.523890
190.465602
190.414238
190.370123
190.331972
190.300960
190.275504
190.257351
190.244002
190.236189
190.232046
190.235031
190.243550
190.257874
190.276648
190.300414
190.329228
190.361882
190.399614
190.442387
190.489935
190.539726
190.595967
190.656575
190.721317
190.790257
190.860384
190.937301
191.016073
191.100164
191.187454
191.276005
191.369190
191.465699
191.565567
191.667146
191.773675
191.882136
191.994188
192.107837
192.225511
192.345834
192.468921
192.593385
192.720765
192.848408
192.981943
193.117961
193.255489
193.395467
193.537478
193.680387
193.826372
193.973435
194.123282
194.273636
194.427142
194.582350
194.739630
194.898269
195.058964
195.220838
195.384243
195.550198
195.717253
195.885024
196.054479
196.224919
196.396883
196.573058
196.747357
196.923037
197.101041
197.277994
195.311761
194.988424
194.678130
194.381849
194.097535
193.823368
193.561854
193.313056
193.074972
192.849500
192.633360
192.428392
192.236108
192.054490
191.875472
191.710575
191.554158
191.407844
191.269894
191.142363
191.020649
190.909240
190.806650
190.711980
190.623889
190.545091
190.472727
190.408352
190.350686
190.299949
190.256453
190.218916
190.188513
190.163660
190.146104
190.133352
190.126135
190.122592
190.126196
190.135353
190.150307
190.169711
190.194104
190.223549
190.256837
190.295194
190.338584
190.386745
190.437129
190.493972
190.555187
190.620524
190.690070
190.760794
190.838292
190.917641
191.002306
191.090163
191.179283
191.273037
191.370117
191.470553
191.572702
191.679798
191.788832
191.901463
192.015692
192.133946
192.254936
192.378596
192.503608
192.631532
192.759714
192.893789
193.030341
193.168404
193.308909
193.451443
193.594858
193.741358
193.888929
194.039284
194.190145
194.344150
194.499852
194.657622
194.816748
194.977937
195.140289
195.304168
195.470595
195.638117
195.806354
195.976273
196.147174
196.319598
196.496231
196.670987
196.847124
197.025620
197.203032
195.182866
194.859793
194.549822
194.253888
193.969917
193.696137
193.434997
193.186603
192.948919
192.723874
192.508189
192.303697
192.111937
191.930834
191.752335
191.587979
191.432091
191.286326
191.148990
191.022164
190.901120
190.790443
190.688481
190.594408
190.506963
190.428802
190.357031
190.293254
190.236206
190.186093
190.143210
190.106280
190.076477
190.052219
190.035255
190.023095
190.016470
190.013524
190.017742
190.027536
190.043117
190.063147
190.088164
190.118238
190.152154
190.191130
190.235130
190.283898
190.334871
190.392314
190.454127
190.520055
190.590201
190.661517
190.739591
190.819513
190.904747
190.993167
191.082851
191.177171
191.274818
191.375822
191.478538
191.586198
191.695804
191.809011
191.923821
192.042687
192.164309
192.288521
192.414074
192.542538
192.671256
192.805867
192.942948
193.081544
193.222572
193.365626
193.509545
193.656557
193.804633
193.955492
194.106856
194.261357
194.417551
194.575807
194.735416
194.897097
195.059923
195.224273
195.391168
195.559153
195.727853
195.898235
196.069597
196.242479
196.419567
196.594780
196.771378
196.950366
197.128225
195.054514
194.731710
194.422061
194.126471
193.842838
193.569439
193.308668
193.060674
192.823385
192.598765
192.383530
192.179533
191.988289
191.807691
191.629705
191.465890
191.310530
191.165319
191.028632
190.902491
190.782142
190.672158
190.570803
190.477325
190.390536
190.312967
190.241783
190.178600
190.122166
190.072673
190.030397
189.994064
189.964853
189.941185
189.924805
189.913233
189.907198
189.904844
189.909672
189.920104
189.936307
189.956958
189.982595
190.013295
190.047836
190.087423
190.132026
190.181395
190.232956
190.290991
190.353398
190.419912
190.490654
190.562556
190.641202
190.721692
190.807489
190.896466
190.986712
191.081593
191.179805
191.281375
191.384655
191.492878
191.603055
191.716838
191.832239
191.951744
192.073933
192.198693
192.324784
192.453785
192.583033
192.718178
192.855786
192.994910
193.136458
193.280030
193.424449
193.571970
193.720547
193.871908
194.023771
194.178765
194.335447
194.494186
194.654275
194.816445
194.979743
195.144559
195.311918
195.480364
195.649524
195.820368
195.992188
196.165527
196.343072
196.518741
196.695811
196.875270
197.053572
194.926712
194.604178
194.294852
193.999603
193.716303
193.443278
193.182872
192.935273
192.698377
192.474178
192.259390
192.055916
191.865164
191.685064
191.507588
191.344313
191.189483
191.044846
190.908819
190.783342
190.663706
190.554381
190.453617
190.360740
190.274580
190.197588
190.126985
190.064390
190.008568
189.959692
189.918016
189.882272
189.853645
189.830557
189.814758
189.803769
189.798320
189.796556
189.801993
189.813059
189.829879
189.851149
189.877402
189.908725
189.943884
189.984076
190.029275
190.079238
190.131389
190.190004
190.253002
190.320099
190.391429
190.463913
190.543125
190.624178
190.710534
190.800063
190.890867
190.986307
191.085081
191.187214
191.291058
191.399841
191.510588
191.624953
191.740964
191.861071
191.983810
192.109113
192.235739
192.365272
192.495049
192.630724
192.768855
192.908505
193.050571
193.194655
193.339572
193.487598
193.636675
193.788533
193.940893
194.096378
194.253545
194.412763
194.573329
194.735984
194.899750
195.065029
195.232849
195.401752
195.571370
195.742673
195.914951
196.088747
196.266747
196.442875
196.620419
196.800334
196.979076
194.799465
194.477206
194.168201
193.873289
193.590315
193.317658
193.057611
192.810405
192.573899
192.350122
192.135813
191.932834
191.742561
191.562954
191.385987
191.223254
191.068957
190.924934
190.789544
190.664722
190.545803
190.437108
190.336926
190.244652
190.159090
190.082666
190.012637
189.950627
189.895418
189.847152
189.806067
189.770903
189.742851
189.720339
189.705116
189.694706
189.689840
189.688665
189.694719
189.706403
189.723836
189.745720
189.772587
189.804530
189.840301
189.881089
189.926876
189.977431
190.030164
190.089357
190.152941
190.220616
190.292531
190.365590
190.445363
190.526974
190.613882
190.703959
190.795317
190.891313
190.990648
191.093343
191.197747
191.307092
191.418410
191.533365
191.649981
191.770659
191.893941
192.019784
192.146941
192.277003
192.407304
192.543507
192.682158
192.822331
192.964910
193.109505
193.254915
193.403445
193.553016
193.705369
193.858224
194.014194
194.171843
194.331539
194.492579
194.655717
194.819947
194.985687
195.153964
195.323319
195.493392
195.665155
195.837890
196.012141
196.190597
196.367187
196.545198
196.725560
196.904738
194.672780
194.350799
194.042114
193.747533
193.464877
193.192583
192.932890
192.686074
192.449957
192.226609
192.012798
191.810278
191.620484
191.441367
191.264907
191.102719
190.948971
190.805560
190.670801
190.546635
190.428423
190.320336
190.220731
190.129050
190.044066
189.968203
189.898743
189.837314
189.782717
189.735056
189.694552
189.659960
189.632475
189.610532
189.595879
189.586046
189.581761
189.581174
189.587838
189.600136
189.618180
189.640674
189.668153
189.700712
189.737086
189.778463
189.824833
189.875980
189.929285
189.989052
190.053217
190.121465
190.193959
190.267589
190.347918
190.430080
190.517537
190.608157
190.700065
190.796615
190.896507
190.999763
191.104728
191.214633
191.326528
191.442075
191.559274
191.680508
191.804328
191.930706
192.058389
192.188978
192.319800
192.456527
192.595697
192.736388
192.879477
193.024579
193.170482
193.319510
193.469574
193.622418
193.775764
193.932218
194.090345
194.250515
194.412026
194.575644
194.740337
194.906536
195.075268
195.245070
195.415593
195.587816
195.761008
195.935714
196.114626
196.291679
196.470145
196.650948
196.830561
194.546663
194.224962
193.916592
193.622335
193.339992
193.068055
192.808714
192.562286
192.326559
192.103651
191.890316
191.688250
191.498935
191.320305
191.144353
190.982716
190.829538
190.686724
190.552587
190.429087
190.311565
190.204065
190.105033
190.013929
189.929510
189.854200
189.785303
189.724455
189.670470
189.623405
189.583472
189.549441
189.522517
189.501137
189.487051
189.477793
189.474086
189.474087
189.481350
189.494262
189.512914
189.536013
189.564103
189.597273
189.634242
189.676199
189.723145
189.774879
189.828752
189.889090
189.953833
190.022648
190.095715
190.169910
190.250788
190.333498
190.421499
190.512658
190.605112
190.702213
190.802661
190.906479
191.012002
191.122470
191.234944
191.351075
191.468838
191.590618
191.714971
191.841881
191.970088
192.101199
192.232540
192.369788
192.509472
192.650680
192.794275
192.939881
193.086272
193.235797
193.386348
193.539682
193.693515
193.850449
194.009053
194.169694
194.331673
194.495768
194.660923
194.827579
194.996767
195.167016
195.337979
195.510664
195.684311
195.859470
196.038838
196.216349
196.395262
196.576503
196.756546
194.421119
194.099699
193.791641
193.497701
193.215663
192.944079
192.685085
192.439044
192.203712
191.981244
191.768461
191.566755
191.377918
191.199774
191.024330
190.863254
190.710648
190.568425
190.434903
190.312087
190.195222
190.088293
189.989828
189.899288
189.815421
189.740658
189.672320
189.612053
189.558679
189.512199
189.472827
189.439349
189.412979
189.392158
189.378635
189.369947
189.366818
189.367401
189.375259
189.388783
189.408039
189.431740
189.460441
189.494214
189.531768
189.574299
189.621822
189.674130
189.728568
189.789475
189.854790
189.924167
189.997802
190.072555
190.153978
190.237228
190.325770
190.417464
190.510461
190.608110
190.709114
190.813492
190.919574
191.030606
191.143657
191.260356
191.378671
191.500991
191.625873
191.753310
191.882038
192.013669
192.145524
192.283290
192.423487
192.565206
192.709306
192.855412
193.002288
193.152306
193.303342
193.457161
193.611479
193.768890
193.927966
194.089075
194.251520
194.416090
194.581703
194.748818
194.918461
195.089166
195.260585
195.433709
195.607804
195.783414
195.963236
196.141198
196.320550
196.502223
196.682694
194.296151
193.975014
193.667261
193.373630
193.091894
192.820657
192.562008
192.316356
192.081419
191.859385
191.647051
191.445797
191.257438
191.079779
190.904843
190.744339
190.592299
190.450663
190.317752
190.195636
190.079390
189.973019
189.875114
189.785125
189.701802
189.627580
189.559796
189.500116
189.447346
189.401439
189.362618
189.329685
189.303861
189.283594
189.270632
189.262513
189.259958
189.261119
189.269567
189.283703
189.303557
189.327858
189.357170
189.391536
189.429666
189.472762
189.520858
189.573735
189.628737
189.690209
189.756090
189.826023
189.900219
189.975526
190.057487
190.141274
190.230351
190.322577
190.416113
190.514309
190.615866
190.720806
190.827447
190.939042
191.052660
191.169916
191.288772
191.411627
191.537035
191.664996
191.794241
191.926387
192.058755
192.197035
192.337741
192.479970
192.624570
192.771173
192.918530
193.069037
193.220556
193.374856
193.529656
193.687542
193.847086
194.008661
194.171569
194.336611
194.502682
194.670251
194.840349
195.011509
195.183382
195.356951
195.531490
195.707547
195.887819
196.066224
196.246010
196.428110
196.609006
194.171763
193.850912
193.543456
193.250126
192.968685
192.697795
192.439488
192.194223
191.959681
191.738073
191.526183
191.325381
191.137500
190.960323
190.785897
190.625971
190.474495
190.333437
190.201148
190.079726
189.964007
189.858243
189.760889
189.671440
189.588653
189.514965
189.447735
189.388649
189.336472
189.291124
189.252845
189.220448
189.195166
189.175449
189.163044
189.155493
189.153507
189.155240
189.164279
189.179023
189.199470
189.224371
189.254291
189.289239
189.327935
189.371593
189.420253
189.473696
189.529262
189.591294
189.657734
189.728217
189.802969
189.878822
189.961315
190.045634
190.135244
190.227998
190.322071
190.420812
190.522921
190.628423
190.735623
190.847776
190.961950
191.079751
191.199144
191.322529
191.448457
191.576939
191.706698
191.839358
191.972234
192.111025
192.252237
192.394973
192.540068
192.687165
192.835001
192.985994
193.137992
193.292770
193.448049
193.606405
193.766415
193.928452
194.091820
194.257331
194.423856
194.591878
194.762431
194.934043
195.106367
195.280385
195.455368
195.631870
195.812587
195.991428
196.171642
196.354167
196.535485
194.047956
193.727393
193.420225
193.127191
192.846041
192.575494
192.317527
192.072650
191.838500
191.617311
191.405860
191.205511
191.018107
190.841410
190.667497
190.508152
190.357235
190.216745
190.085131
189.964346
189.849186
189.743964
189.647154
189.558234
189.475974
189.402817
189.336141
189.277658
189.226055
189.181255
189.143507
189.111640
189.086894
189.067724
189.055875
189.048887
189.047467
189.049768
189.059397
189.074747
189.095779
189.121285
189.151806
189.187322
189.226576
189.270795
189.320008
189.374018
189.430144
189.492730
189.559722
189.630751
189.706052
189.782445
189.865466
189.950313
190.040449
190.133730
190.228338
190.327620
190.430281
190.536347
190.644099
190.756803
190.871525
190.989863
191.109786
191.233697
191.360142
191.489141
191.619411
191.752581
191.885962
192.025261
192.166976
192.310214
192.455803
192.603390
192.751702
192.903177
193.055650
193.210904
193.366657
193.525481
193.685954
193.848449
194.012274
194.178252
194.345229
194.513702
194.684706
194.856769
195.029544
195.204011
195.379439
195.556383
195.737539
195.916809
196.097448
196.280394
196.462132
193.924733
193.604460
193.297571
193.004827
192.723965
192.453758
192.196130
191.951638
191.717875
191.497103
191.286089
191.086192
190.899266
190.723042
190.549644
190.390885
190.240524
190.100589
189.969704
189.849484
189.734867
189.630181
189.533906
189.445507
189.363769
189.291138
189.225021
189.167142
189.116094
189.071831
189.034605
189.003262
188.979047
188.960421
188.949127
188.942699
188.941838
188.944705
188.954925
188.970875
188.992486
189.018608
189.049712
189.085785
189.125590
189.170362
189.220125
189.274702
189.331386
189.394516
189.462055
189.533624
189.609469
189.686394
189.769939
189.855309
189.945971
190.039774
190.134914
190.234737
190.337948
190.444577
190.552875
190.666122
190.781382
190.900252
191.020701
191.145133
191.272091
191.401604
191.532381
191.666058
191.799941
191.939745
192.080587
192.225698
192.371776
192.519849
192.668634
192.820588
192.973532
193.129258
193.285483
193.444770
193.605703
193.768653
193.932932
194.099374
194.266801
194.435724
194.607178
194.779690
194.952915
195.127832
195.303702
195.481085
195.662674
195.842369
196.023428
196.206793
196.388946
193.802098
193.482112
193.175496
192.883036
192.602459
192.332591
192.075298
191.831188
191.597809
191.377454
191.166871
190.967431
190.780979
190.605224
190.432341
190.274172
190.124362
189.984825
189.854820
189.735136
189.621050
189.516895
189.421148
189.333262
189.252036
189.179932
189.114383
189.057099
189.006589
188.962851
188.926141
188.895315
188.871627
188.853544
188.842802
188.836928
188.836622
188.840055
188.850867
188.867410
188.889592
188.916340
188.948008
188.984629
189.024984
189.070295
189.120608
189.175755
189.232987
189.296655
189.364735
189.436837
189.513219
189.590672
189.674735
189.760625
189.851809
189.946133
190.041803
190.142164
190.245924
190.353111
190.461950
190.575730
190.691521
190.810918
190.931887
191.056837
191.184305
191.314329
191.445611
191.579791
191.714173
191.854478
191.995814
192.141423
192.287988
192.436544
192.585797
192.738227
192.891640
193.047833
193.204527
193.364275
193.525664
193.689067
193.853796
194.020698
194.188573
194.357944
194.529848
194.702809
194.876483
195.051847
195.228157
195.405975
195.587992
195.768108
195.949584
196.133363
196.315931
193.680056
193.360349
193.053999
192.761820
192.481526
192.211994
191.955035
191.711304
191.478306
191.258368
191.048213
190.849233
190.663248
190.487955
190.315591
190.158016
190.008754
189.869893
189.740462
189.621298
189.507735
189.404109
189.308880
189.221497
189.140776
189.069206
189.004242
188.947523
188.897538
188.854316
188.818114
188.787800
188.764636
188.747094
188.736902
188.731576
188.731820
188.735822
188.747227
188.764353
188.787109
188.814479
188.846694
188.883853
188.924752
188.970594
189.021461
189.077178
189.134948
189.199147
189.267763
189.340391
189.417304
189.495280
189.579857
189.666264
189.757966
189.852808
189.949006
190.049902
190.154207
190.261951
190.371319
190.485628
190.601945
190.721861
190.843348
190.968812
191.096787
191.227318
191.359101
191.493782
191.628659
191.769460
191.911288
192.057392
192.204439
192.353475
192.503193
192.656096
192.809973
192.966631
193.123790
193.283995
193.445837
193.609688
193.774866
193.942227
194.110548
194.280366
194.452720
194.626130
194.800643
194.976058
195.152805
195.331051
195.513493
195.694025
195.875915
196.060107
196.243087
193.558612
193.239173
192.933083
192.641181
192.361168
192.091971
191.835341
191.591986
191.359370
191.139853
190.930117
190.731604
190.546074
190.371239
190.199397
190.042419
189.893712
189.755533
189.626624
189.507968
189.394924
189.291821
189.197102
189.110213
189.029992
188.958973
188.894604
188.838411
188.788939
188.746225
188.710525
188.680718
188.658075
188.641075
188.631428
188.626643
188.627435
188.632013
188.644006
188.661705
188.685067
188.713019
188.745768
188.783460
188.824893
188.871261
188.922694
188.978970
189.037268
189.101990
189.171137
189.244286
189.321724
189.400217
189.485305
189.572225
189.664444
189.759801
189.856524
189.957953
190.062798
190.171092
190.280983
190.395814
190.512651
190.633084
190.755084
190.881059
191.009536
191.140572
191.272853
191.408031
191.543399
191.684695
191.827012
191.973605
192.121131
192.270644
192.420824
192.574195
192.728534
192.885653
193.043274
193.203933
193.366223
193.530521
193.696143
193.863961
194.032728
194.202993
194.375797
194.549655
194.724614
194.900466
195.077643
195.256314
195.439176
195.620124
195.802424
195.987026
196.170417
193.437773
193.118583
192.812749
192.521122
192.241388
191.972524
191.716219
191.473238
191.241003
191.021913
190.812591
190.614549
190.429460
190.255076
190.083762
189.927387
189.779252
189.641703
189.513303
189.395145
189.282619
189.180034
189.085815
188.999411
188.919685
188.849245
188.785448
188.729761
188.680792
188.638580
188.603375
188.574071
188.551949
188.535490
188.526380
188.522129
188.523471
188.528632
188.541207
188.559470
188.583467
188.611956
188.645230
188.683453
188.725408
188.772299
188.824314
188.881129
188.939946
189.005188
189.074859
189.148522
189.226479
189.305486
189.391080
189.478511
189.571243
189.667113
189.764359
189.866317
189.971695
190.080532
190.190940
190.306289
190.423641
190.544587
190.667096
190.793578
190.922555
191.054092
191.186868
191.322539
191.458396
191.600183
191.742984
191.890064
192.038066
192.188051
192.338690
192.492526
192.647323
192.804901
192.962979
193.124088
193.286824
193.451565
193.617629
193.785902
193.955115
194.125829
194.299081
194.473385
194.648784
194.825070
195.002673
195.181764
195.365044
195.546412
195.729111
195.914121
196.097923
193.317538
192.998579
192.692998
192.401644
192.122188
191.853656
191.597672
191.355064
191.123211
190.904555
190.695648
190.498067
190.313407
190.139468
189.968688
189.812923
189.665377
189.528399
189.400496
189.282829
189.170823
189.068748
188.975020
188.889090
188.809864
188.740022
188.676763
188.621571
188.573098
188.531380
188.496666
188.467860
188.446260
188.430340
188.421759
188.418036
188.419935
188.425684
188.438832
188.457660
188.482279
188.511289
188.545079
188.583827
188.626298
188.673721
188.726315
188.783653
188.842981
188.908739
188.978927
189.053098
189.131570
189.211087
189.297185
189.385124
189.478366
189.574746
189.672511
189.774993
189.880898
189.990263
190.101191
190.217053
190.334917
190.456371
190.579385
190.706371
190.835846
190.967880
191.101148
191.237309
191.373651
191.515924
191.659206
191.806771
191.955244
192.105698
192.256793
192.411091
192.566342
192.724374
192.882907
193.044462
193.207641
193.372821
193.539326
193.708055
193.877715
194.048877
194.222577
194.397321
194.573157
194.749870
194.927895
195.107402
195.291099
195.472880
195.655976
195.841394
196.025604
193.197905
192.879164
192.573832
192.282749
192.003569
191.735367
191.479703
191.237471
191.005999
190.787784
190.579326
190.382159
190.197916
190.024420
189.854179
189.699032
189.552070
189.415620
189.288203
189.171024
189.059539
188.957965
188.864716
188.779251
188.700573
188.631291
188.568546
188.513839
188.465856
188.424627
188.390398
188.362088
188.341014
188.325627
188.317563
188.314365
188.316836
188.323172
188.336883
188.356303
188.381492
188.411016
188.445322
188.484583
188.527567
188.575572
188.628690
188.686539
188.746376
188.812644
188.883343
188.958016
189.036998
189.117021
189.203621
189.292064
189.385814
189.482699
189.580981
189.683981
189.790406
189.900280
190.011734
190.128107
190.246478
190.368437
190.491954
190.619440
190.749408
190.881937
191.015693
191.152341
191.289164
191.431920
191.575681
191.723724
191.872667
192.023586
192.175134
192.329889
192.485591
192.644074
192.803058
192.965056
193.128674
193.294291
193.461236
193.630422
193.800531
193.972141
194.146284
194.321464
194.497730
194.674866
194.853307
195.033229
195.217342
195.399531
195.583023
195.768845
195.953458
193.078870
192.760337
192.455253
192.164439
191.885535
191.617662
191.362314
191.120466
190.889374
190.671604
190.463617
190.266824
190.082989
189.909941
189.740236
189.585715
189.439313
189.303364
189.176423
189.059733
188.948767
188.847685
188.754904
188.669897
188.591830
188.523043
188.460795
188.406566
188.359067
188.318321
188.284573
188.256760
188.236214
188.221350
188.213794
188.211121
188.214184
188.221100
188.235366
188.255386
188.281105
188.311137
188.345955
188.385725
188.429230
188.477815
188.531434
188.589788
188.650130
188.716903
188.788105
188.863277
188.942764
189.023290
189.110389
189.199334
189.293588
189.390975
189.489767
189.593280
189.700219
189.810591
189.922572
190.039450
190.158325
190.280787
190.404802
190.532785
190.663245
190.796265
190.930506
191.067637
191.204937
191.348172
191.492407
191.640928
191.790335
191.941715
192.093712
192.248923
192.405072
192.564001
192.723434
192.885871
193.049924
193.215977
193.383363
193.553010
193.723568
193.895622
194.070203
194.245812
194.422503
194.600058
194.778912
194.959246
195.143770
195.326363
195.510259
195.696474
195.881484
192.960433
192.642099
192.337262
192.046717
191.768088
191.500541
191.245511
191.004060
190.773364
190.556016
190.348487
190.152060
189.968629
189.796049
189.626861
189.472970
189.327097
189.191630
189.065156
188.948965
188.838512
188.737907
188.645586
188.561058
188.483583
188.415272
188.353507
188.299751
188.252731
188.212465
188.179193
188.151881
188.131863
188.117510
188.110449
188.108315
188.111983
188.119467
188.134280
188.154884
188.181117
188.211653
188.246978
188.287256
188.331312
188.380429
188.434544
188.493399
188.554244
188.621513
188.693214
188.768879
188.848869
188.929895
189.017490
189.106933
189.201689
189.299574
189.398871
189.502891
189.610336
189.721199
189.833703
189.951085
190.070461
190.193421
190.317931
190.446409
190.577356
190.710864
190.845587
190.983197
191.120971
191.264682
191.409388
191.558381
191.708249
191.860088
192.012531
192.168193
192.324786
192.484159
192.644035
192.806908
192.971393
193.137880
193.305713
