187.533187
187.222602
186.926176
186.645646
186.377695
186.122698
185.879977
185.653109
185.436744
185.232609
185.041180
184.860381
184.692844
184.536941
184.386036
184.250372
184.121127
184.002777
183.894651
183.795040
183.702905
183.620273
183.545820
183.480237
183.421827
183.372309
183.329848
183.295462
183.268237
183.247949
183.234409
183.227236
183.227572
183.233741
183.247302
183.265784
183.289840
183.317439
183.352611
183.393787
183.440335
183.491206
183.546726
183.607516
183.672252
183.741846
183.816606
183.896306
183.978084
184.066209
184.159188
184.256093
184.357748
184.460540
184.569664
184.681304
184.797683
184.916480
185.037438
185.162921
185.291956
185.424017
185.558439
185.697253
185.838375
185.982086
186.127707
186.276982
186.428574
186.582856
186.738176
186.893417
187.054393
187.218514
187.383480
187.552758
187.722478
187.894083
188.065914
188.241117
188.417021
188.595801
188.775133
188.957236
189.140788
189.326258
189.512978
189.702282
189.891972
190.084132
190.277194
190.470951
190.666552
190.862735
191.060128
191.262194
191.461958
191.663043
191.865448
192.068170
192.272089
187.620859
187.310215
187.013711
186.733107
186.465071
186.209956
185.967120
185.740120
185.523632
185.319353
185.127738
184.946786
184.779081
184.623002
184.472242
184.336054
184.206598
184.088006
183.979689
183.879895
183.787567
183.704735
183.630077
183.564277
183.505638
183.455888
183.413184
183.378552
183.351076
183.330540
183.316739
183.309268
183.309352
183.315271
183.328578
183.346805
183.370604
183.397947
183.432856
183.473762
183.520036
183.570629
183.625871
183.686375
183.750818
183.820113
183.894566
183.973949
184.055405
184.143205
184.235855
184.332431
184.433752
184.536211
184.645018
184.756349
184.872424
184.990912
185.111569
185.236726
185.365444
185.497203
185.631312
185.769825
185.910647
186.054057
186.199370
186.348340
186.499611
186.653588
186.808615
186.963560
187.124243
187.288071
187.452743
187.621726
187.791155
187.962469
188.134013
188.308926
188.484541
188.663023
188.842061
189.023876
189.207142
189.392325
189.578759
189.767766
189.957147
190.149016
190.341792
190.535265
190.730576
190.926475
191.123586
191.325367
191.524851
191.725658
191.927789
192.131210
192.333880
187.709053
187.398345
187.101759
186.821079
186.552952
186.297716
186.054762
185.827624
185.611008
185.406581
185.214775
185.033667
184.865789
184.709529
184.558583
184.422199
184.292536
184.173689
184.065168
183.965190
183.872663
183.789628
183.714761
183.648741
183.589867
183.539883
183.496934
183.462053
183.434323
183.413535
183.399474
183.391699
183.391520
183.397187
183.410235
183.428203
183.451741
183.478824
183.513466
183.554100
183.600095
183.650406
183.705369
183.765585
183.829731
183.898725
183.972869
184.051934
184.133065
184.220538
184.312857
184.409102
184.510085
184.612203
184.720688
184.831704
184.947471
185.065646
185.185997
185.310840
185.439142
185.570678
185.704466
185.842677
185.983195
186.126301
186.271306
186.419968
186.570920
186.724582
186.879312
187.033958
187.194346
187.357877
187.522253
187.690937
187.860073
188.031094
188.202347
188.376969
188.552293
188.730475
188.909217
189.090740
189.273717
189.458612
189.644757
189.833469
190.022545
190.214113
190.406601
190.599786
190.794806
190.990420
191.187245
191.388739
191.587942
191.788468
191.990321
192.193466
192.395858
187.797770
187.486995
187.190323
186.909563
186.641342
186.385981
186.142904
185.915625
185.698876
185.494297
185.302265
185.121026
184.952972
184.796863
184.645392
184.508810
184.378945
184.259844
184.151093
184.050925
183.958196
183.874954
183.799874
183.733629
183.674518
183.624296
183.581097
183.545964
183.517977
183.496935
183.482615
183.474547
183.474079
183.479488
183.492275
183.509978
183.533252
183.560071
183.594443
183.634801
183.680517
183.730541
183.785220
183.845145
183.908993
183.977683
184.051516
184.130260
184.211066
184.298210
184.390194
184.486105
184.586747
184.688520
184.796673
184.907369
185.022825
185.140682
185.260723
185.385255
185.513224
185.644443
185.777904
185.915809
186.056020
186.198819
186.343515
186.491867
186.642505
186.795837
186.950267
187.104612
187.264702
187.427932
187.592008
187.760393
187.929232
188.099958
188.270918
188.445246
188.620276
188.798159
188.976600
189.157829
189.340514
189.525119
189.710973
189.899388
190.088165
190.279425
190.471620
190.664516
190.859243
191.054568
191.251107
191.452312
191.651230
191.851472
192.053046
192.255912
192.458026
187.887013
187.576168
187.279407
186.998562
186.730243
186.474753
186.231548
186.004124
185.787238
185.582503
185.390267
185.208866
185.040971
184.884335
184.732668
184.595886
184.465823
184.346498
184.237473
184.137108
184.044170
183.960714
183.885418
183.818944
183.759591
183.709127
183.665675
183.630287
183.602039
183.580739
183.566159
183.557825
183.557032
183.562178
183.574697
183.592132
183.615137
183.641689
183.675787
183.715866
183.761300
183.811036
183.865426
183.925056
183.988603
184.056988
184.130508
184.208930
184.289409
184.376221
184.467868
184.563443
184.663740
184.765163
184.872977
184.983347
185.098487
185.216024
185.335750
185.459967
185.587605
185.718500
185.851626
185.989222
186.129123
186.271613
186.415997
186.564037
186.714364
186.867355
187.021481
187.175521
187.335310
187.498237
187.662012
187.830093
187.998634
188.169061
188.339725
188.513757
188.688492
188.866073
189.044211
189.225143
189.407534
189.591845
189.777408
189.965524
190.154005
190.344956
190.536850
190.729454
190.923885
191.118921
191.315170
191.516084
191.714715
191.914672
192.115965
192.318549
192.520382
187.976786
187.665866
187.369012
187.088079
186.819658
186.564035
186.320699
186.093125
185.876097
185.671200
185.478758
185.297189
185.129113
184.972280
184.820414
184.683430
184.553170
184.433642
184.323570
184.223742
184.130586
184.046912
183.971395
183.904688
183.845089
183.794379
183.750671
183.715024
183.686511
183.664950
183.650107
183.641512
183.640387
183.645259
183.657505
183.674667
183.697398
183.723679
183.757499
183.797296
183.842445
183.891894
183.945988
184.005320
184.068563
184.136641
184.209845
184.287944
184.368094
184.454573
184.545880
184.641116
184.741066
184.842136
184.949601
185.059640
185.174460
185.291671
185.411077
185.534976
185.662287
185.792851
185.925634
186.062917
186.202504
186.344681
186.488753
186.636478
186.786495
186.939139
187.092957
187.246688
187.406173
187.568794
187.732263
187.900039
188.068278
188.238404
188.408770
188.582502
188.756940
188.934218
189.112051
189.292683
189.474778
189.658793
189.844061
190.031877
190.220061
190.410706
190.602294
190.794601
190.988734
191.183479
191.379437
191.580057
191.778398
191.978068
192.179076
192.381376
192.582927
188.067091
187.756093
187.459142
187.178117
186.909590
186.653829
186.410359
186.182629
185.965455
185.760392
185.567739
185.386342
185.217737
185.060701
184.908633
184.771443
184.640983
184.521255
184.410923
184.310833
184.217448
184.133549
184.057806
183.990862
183.931013
183.880054
183.836085
183.800176
183.771394
183.749568
183.734458
183.725600
183.724157
183.728734
183.740700
183.757583
183.780036
183.806042
183.839582
183.879093
183.923953
183.973110
184.026912
184.085938
184.148873
184.216641
184.289528
184.367301
184.447058
184.533265
184.624231
184.719125
184.818727
184.919440
185.026548
185.136248
185.250745
185.367626
185.486708
185.610284
185.737267
185.867499
185.999929
186.136895
186.276166
186.418026
186.561782
186.709190
186.858894
187.011195
187.164693
187.318113
187.477290
187.639602
187.802763
187.970230
188.138165
188.307987
188.478053
188.651483
188.825620
189.002595
189.180120
189.360449
189.542245
189.725962
189.910932
190.098445
190.286333
190.476675
190.667952
190.859957
191.053791
191.248241
191.443906
191.644230
191.842281
192.041660
192.242381
192.444395
192.645661
188.157932
187.846852
187.549800
187.268678
187.000040
186.744138
186.500529
186.272872
186.055315
185.850082
185.657557
185.475641
185.306845
185.149601
184.997325
184.859925
184.729263
184.609328
184.498757
184.398386
184.304760
184.220628
184.144655
184.077468
184.017365
183.966152
183.921918
183.885743
183.856689
183.834593
183.819213
183.810088
183.808347
183.812605
183.824285
183.840883
183.863054
183.888780
183.922035
183.961256
184.005824
184.054687
184.108193
184.166912
184.229536
184.296991
184.369558
184.447004
184.526425
184.612298
184.702920
184.797471
184.896722
184.997077
185.103824
185.213175
185.327344
185.443891
185.562643
185.685894
185.812546
185.942443
186.074513
186.211158
186.350108
186.491648
186.635084
186.782174
186.931562
187.083532
187.236694
187.389797
187.548663
187.710661
187.873513
188.040667
188.208297
188.377812
188.547574
188.720699
188.894533
189.071202
189.248419
189.428442
189.609936
189.793352
189.978023
190.165231
190.352820
190.542861
190.733828
190.925525
191.119055
191.313208
191.508578
191.708605
191.906362
192.105447
192.305880
192.507606
192.708585
188.249312
187.938146
187.640989
187.359766
187.091014
186.834965
186.591213
186.363393
186.145679
185.940271
185.747528
185.565431
185.396439
185.238980
185.086493
184.948878
184.818009
184.697862
184.587055
184.486404
184.392524
184.308151
184.231942
184.164509
184.104146
184.052676
184.008173
183.971728
183.942398
183.920028
183.904373
183.894976
183.892946
183.896877
183.908260
183.924568
183.946451
183.971893
184.004859
184.043787
184.088060
184.136625
184.189833
184.248243
184.310551
184.377690
184.449935
184.527051
184.606135
184.691673
184.781949
184.876154
184.975052
185.075050
185.181430
185.290420
185.404258
185.520467
185.638886
185.761805
185.888125
186.017686
186.149387
186.285708
186.424333
186.565549
186.708662
186.855430
187.004499
187.156143
187.308959
187.461740
187.620291
187.781974
187.944511
188.111351
188.278672
188.447878
188.617334
188.790152
188.963680
189.140041
189.316948
189.496661
189.677851
189.860965
190.045333
190.232234
190.419522
190.609261
190.799920
190.991305
191.184526
191.378381
191.573453
191.773181
191.970642
192.169433
192.369574
192.571010
192.771699
188.341234
188.029977
187.732712
187.451383
187.182512
186.926311
186.682413
186.454425
186.236550
186.031314
185.837982
185.655714
185.486521
185.328842
185.176139
185.038304
184.907222
184.786857
184.675812
184.574888
184.480743
184.396122
184.319671
184.251986
184.191359
184.139627
184.094851
184.058131
184.028521
184.005873
183.989939
183.980264
183.977947
183.981551
183.992628
184.008640
184.030230
184.055384
184.088056
184.126687
184.170661
184.218924
184.271832
184.329929
184.391919
184.458739
184.530660
184.607444
184.686188
184.771389
184.861318
184.955175
185.053717
185.153356
185.259374
185.367987
185.481490
185.597357
185.715437
185.838022
185.964005
186.093227
186.224555
186.360545
186.498841
186.639729
186.782516
186.928959
187.077706
187.229024
187.381490
187.533944
187.692177
187.853540
188.015760
188.182283
188.349290
188.518185
188.687333
188.859840
189.033061
189.209111
189.385707
189.565108
189.745991
189.928799
190.112863
190.299453
190.486439
190.675876
190.866228
191.057299
191.250207
191.443759
191.638532
191.837957
192.035122
192.233616
192.433463
192.634606
192.835004
188.433700
188.122350
187.824972
187.543533
187.274539
187.018180
186.774132
186.545972
186.328284
186.122513
185.928948
185.746491
185.577094
185.419188
185.266264
185.128203
184.996905
184.876314
184.765029
184.663837
184.569419
184.484542
184.407843
184.339901
184.279005
184.227007
184.181954
184.144955
184.115060
184.092129
184.075911
184.065955
184.063349
184.066630
184.077392
184.093101
184.114392
184.139252
184.171627
184.209956
184.253628
184.301587
184.354189
184.411973
184.473642
184.540140
184.611732
184.688183
184.766632
184.851446
184.941026
185.034533
185.132718
185.231996
185.337655
185.445876
185.559041
185.674562
185.792299
185.914546
186.040189
186.169069
186.300022
186.435674
186.573635
186.714190
186.856647
187.002762
187.151182
187.302173
187.454289
187.606409
187.764320
187.925361
188.087260
188.253462
188.420155
188.588735
188.757572
188.929765
189.102676
189.278413
189.454695
189.633782
189.814355
189.996855
190.180612
190.366891
190.553572
190.742704
190.932751
191.123508
191.316098
191.509344
191.703814
191.902936
192.099801
192.297995
192.497546
192.698396
192.898500
188.526714
188.215265
187.917771
187.636219
187.367096
187.110574
186.866373
186.638036
186.420179
186.214220
186.020416
185.837766
185.668223
185.510021
185.356872
185.218580
185.087057
184.966236
184.854704
184.753248
184.658554
184.573413
184.496461
184.428256
184.367086
184.314817
184.269483
184.232200
184.202017
184.178798
184.162292
184.152048
184.149150
184.152112
184.162552
184.177952
184.198938
184.223499
184.255573
184.293596
184.336962
184.384612
184.436907
184.494373
184.555719
184.621891
184.693154
184.769268
184.847373
184.931847
185.021075
185.114229
185.212054
185.310970
185.416272
185.524088
185.636911
185.752084
185.869475
185.991379
186.116678
186.245214
186.375795
186.511097
186.648716
186.788934
186.931056
187.076838
187.224930
187.375589
187.527358
187.679138
187.836722
187.997436
188.159012
188.324889
188.491264
188.659527
188.828050
188.999928
189.172526
189.347947
189.523913
189.702684
189.882945
190.065134
190.248582
190.434545
190.620920
190.809746
190.999485
191.189931
191.382200
191.575136
191.769300
191.968115
192.164679
192.362573
192.561826
192.762379
192.962188
188.620278
188.308729
188.011114
187.729443
187.460188
187.203499
186.959139
186.730978
186.512589
186.306436
186.112388
185.929540
185.759785
185.601344
185.447963
185.309435
185.177683
185.056623
184.944842
184.843122
184.748147
184.662737
184.585526
184.517054
184.455603
184.403060
184.357440
184.319869
184.289392
184.265881
184.249081
184.238545
184.235352
184.237997
184.248111
184.263195
184.283870
184.308128
184.339894
184.377608
184.420663
184.468001
184.519985
184.577132
184.638151
184.703996
184.774925
184.850700
184.928460
185.012589
185.101463
185.194264
185.291726
185.390276
185.495222
185.602663
185.715104
185.829923
185.946964
186.068522
186.193476
186.321664
186.451878
186.586819
186.724090
186.863963
187.005744
187.151191
187.298950
187.449273
187.600696
187.752130
187.909383
188.069766
188.231015
188.396565
188.562619
