199.119786
199.330758
200.681541
207.593747
220.998521
219.733499
243.983125
275.663023
299.422503
332.785813
368.336841
388.624034
370.030250
331.716008
324.611530
308.777785
289.637854
315.660845
297.983890
292.200394
312.156564
293.332108
299.207332
314.180169
288.479743
313.451926
315.961448
283.549693
317.781718
312.257494
324.810867
374.431901
383.423765
446.032886
484.885993
544.889669
585.468760
532.529940
478.604805
467.411128
435.877632
416.074709
418.832248
407.822320
417.697286
425.477621
428.742061
435.785420
432.704014
408.418677
377.600159
378.971027
373.577723
344.731821
327.359911
328.252075
335.938801
308.747294
287.943509
268.633132
258.136651
198.977275
199.179653
200.534591
207.423515
220.822137
219.547594
243.755537
275.397999
299.129596
332.478809
367.956467
388.229652
369.563516
331.182102
324.090636
308.248885
289.068135
315.079082
297.376230
291.640865
311.586068
292.785878
298.666923
313.663711
288.002877
312.974376
315.511969
283.142243
317.388309
311.875911
324.424781
374.015266
382.987590
445.583270
484.419209
544.419197
584.939724
531.983195
478.035935
466.788784
435.252653
415.399175
418.185686
407.132054
416.938190
424.777363
428.122381
435.205916
432.104535
407.873425
377.133537
378.570260
373.155519
344.388624
327.089880
327.935876
335.754733
308.594297
287.805650
268.513521
258.000165
198.835959
199.029064
200.387547
207.255465
220.654553
219.362977
243.519949
275.134211
298.848572
332.163639
367.572328
387.851370
369.111052
330.658482
323.593138
307.722586
288.503840
314.514971
296.783188
291.076783
311.029113
292.241949
298.127985
313.152138
287.525529
312.496608
315.064468
282.736022
316.994461
311.495280
324.039768
373.600034
382.551497
445.135453
483.951953
543.946683
584.417447
531.434186
477.468944
466.183873
434.624764
414.730869
417.551717
406.433615
416.183940
424.098060
427.506083
434.615397
431.526192
407.390791
376.659456
378.179404
372.780108
344.038981
326.825431
327.656198
335.567163
308.443048
287.669581
268.394030
257.864839
198.695173
198.878868
200.240562
207.089937
220.486868
219.179068
243.283966
274.870129
298.572090
331.844874
367.192391
387.476652
368.666946
330.142378
323.101220
307.197555
287.946221
313.955520
296.198377
290.514115
310.475163
291.699565
297.592037
312.641716
287.048365
312.019728
314.618359
282.330616
316.601096
311.116317
323.655360
373.185520
382.115930
444.688797
483.484622
543.473917
583.898362
530.888210
476.905900
465.587404
434.002629
414.072407
416.925894
405.744390
415.440672
423.435828
426.896367
434.029107
430.963187
406.919437
376.189934
377.792559
372.413964
343.693014
326.564218
327.390178
335.380734
308.292198
287.533946
268.274687
257.730496
198.554797
198.729064
200.093723
206.926021
220.318738
218.995648
243.049131
274.605254
298.297597
331.524867
366.815199
387.102785
368.226965
329.630354
322.611574
306.673243
287.392856
313.398045
295.618365
289.953599
309.923406
291.158623
297.058564
312.132282
286.571855
311.544037
314.173364
281.926061
316.208415
310.738606
323.271498
372.771437
381.680883
444.243116
483.017579
543.001142
583.381737
530.345214
476.346619
464.996604
433.385633
413.422933
416.306278
405.063836
414.708768
422.785540
426.293326
433.449879
430.410360
406.455113
375.726313
377.407569
372.053160
343.351051
326.305638
327.131604
335.194963
308.141303
287.398349
268.155490
257.597069
198.414800
198.579667
199.947079
206.763148
220.150180
218.812675
242.815559
274.339748
298.024339
331.204605
366.440125
386.729270
367.789324
329.121047
322.123529
306.149668
286.842575
312.842099
295.041779
289.395296
309.373739
290.619262
296.527248
311.623863
286.096260
311.069626
313.729396
281.522373
315.816485
310.361936
322.888151
372.357725
381.246398
443.798347
482.551055
542.528503
582.867301
529.804984
475.790671
464.410424
432.773284
412.781285
415.691945
404.391318
413.987413
422.144924
425.696863
432.877879
429.865463
405.996127
375.268334
377.023774
371.696593
343.012757
326.049166
326.878137
335.009457
307.990184
287.262679
268.036447
257.464510
198.275178
198.430718
199.800657
206.601026
219.981278
218.629835
242.583175
274.073888
297.752071
330.884635
366.066949
386.356098
367.353373
328.613977
321.636887
305.627067
286.294929
312.287669
294.468089
288.839241
308.826149
290.081645
295.997973
311.116547
285.621737
310.596546
313.286429
281.119560
315.425348
309.986193
322.505311
371.944404
380.812548
443.354467
482.085191
542.056123
582.354895
529.267342
475.237724
463.828301
432.165265
412.146595
415.082496
403.726222
413.275640
421.512665
425.106509
432.312827
429.327289
405.541466
374.815543
376.641017
371.343714
342.677860
325.794453
326.628537
334.824020
307.838795
287.126892
267.917567
257.332786
198.135934
198.282233
199.654480
206.439515
219.812126
218.447156
242.351922
273.807958
297.480735
330.565330
365.695581
385.983394
366.918911
328.109041
321.151590
305.105658
285.749806
311.734834
293.897100
288.285485
308.280643
289.545915
295.470717
310.610423
285.148387
310.124830
312.844462
280.717630
315.035039
309.611309
322.122995
371.531533
380.379406
442.911464
481.620083
541.584119
581.844409
528.732157
474.687541
463.249878
431.561361
411.518245
414.477627
403.068079
412.572766
420.887871
424.521935
431.754236
428.795143
405.090639
374.367520
376.259330
370.994198
342.346159
325.541284
326.382062
334.638568
307.687147
286.990965
267.798861
257.201872
197.997076
198.134175
199.508565
206.278578
219.642823
218.264626
242.121795
273.542216
297.210355
330.246880
365.326036
385.611319
366.485899
327.606297
320.667656
304.585617
285.207244
311.183708
293.328755
287.734093
307.737235
289.012187
294.945493
310.105568
284.676286
309.654505
312.403503
280.316595
314.645589
309.237252
321.741229
371.119172
379.947044
442.469348
481.155796
541.112593
581.335766
528.199330
474.139952
462.674905
430.961417
410.895779
413.877095
402.416557
411.878283
420.269893
423.942869
431.201685
428.268612
404.643394
373.923913
375.878820
370.647844
342.017513
325.289563
326.138232
334.453085
307.535275
286.854894
267.680343
257.071748
197.858614
197.986543
199.362937
206.118207
219.473456
218.082289
241.892805
273.276885
296.940979
329.929447
364.958398
385.240029
366.054364
327.105859
320.185143
304.067165
284.667265
310.634404
292.763053
287.185130
307.195948
288.480556
294.422328
309.602054
284.205488
309.185610
311.963569
279.916469
314.257028
308.864015
321.360044
370.707385
379.515527
442.028131
480.692381
540.641636
580.828931
527.668782
473.594829
462.103204
430.365307
410.278844
413.280706
401.771337
411.191783
419.658239
423.369094
430.654877
427.747131
404.199596
373.484430
375.499625
370.304495
341.691832
325.039430
325.896707
334.267672
307.383220
286.718690
267.562024
256.942396
197.720560
197.839351
199.217826
205.958359
219.304106
217.900215
241.664976
273.012156
296.672631
329.613171
364.592762
384.869666
365.624359
326.607853
319.704125
303.550473
284.129870
310.087031
292.200018
286.638652
306.656801
287.951090
293.901247
309.099943
283.736036
308.718166
311.524680
279.517262
313.869379
308.491604
320.979473
370.296235
379.084913
441.587829
480.229879
540.171334
580.323840
527.140452
473.052080
461.534637
429.772911
409.667158
412.688302
401.132127
410.512931
419.052526
422.800433
430.113568
427.230315
403.759163
373.048834
375.121884
369.963996
341.369058
324.790847
325.657245
334.082292
307.231028
286.582370
267.443914
256.813853
197.582924
197.692574
199.073043
205.799028
219.134840
217.718476
241.438329
272.748190
296.405351
329.298193
364.229210
384.500343
365.195953
326.112398
319.224733
303.035648
283.595098
309.541698
291.639681
286.094711
306.119816
287.423849
293.382279
308.599293
283.267963
308.252173
311.086856
279.118992
313.482666
308.120029
320.599555
369.885781
378.655250
441.148463
479.768324
539.701756
579.820441
526.614294
472.511634
460.969096
429.184117
409.060495
412.099753
400.498685
409.841440
418.452450
422.236742
429.577537
426.717920
403.322034
372.616923
374.745727
369.626497
341.049147
324.543532
325.419679
333.896951
307.078735
286.445954
267.326022
256.686152
197.445715
197.546218
198.928588
205.640208
218.965719
217.537134
241.212886
272.485116
296.139194
328.984837
363.857772
384.132155
364.769217
325.619601
318.748071
302.522792
283.062996
308.998524
291.082070
285.553345
305.585009
286.898873
292.865443
308.100151
282.801308
307.787649
310.650120
278.721672
313.096910
307.749303
320.220320
369.476089
378.226579
440.710043
479.307745
539.232972
579.318702
526.090268
471.973436
460.406496
428.598831
408.458743
411.514951
399.870820
409.177054
417.857768
421.677898
429.046643
426.209767
402.888142
372.189705
374.371258
369.291959
340.732058
324.297409
325.183890
333.711691
306.926376
286.309469
267.208355
256.559188
197.308939
197.400292
198.784483
205.481888
218.796792
217.356242
240.988654
272.223044
295.874180
328.673082
363.498557
383.765186
364.344237
325.129550
318.273339
302.011979
282.533615
308.457688
290.527212
285.014589
305.052398
286.376192
292.350755
307.602558
282.336098
307.324609
310.214492
278.325318
312.712127
307.379440
319.841796
369.067196
377.798940
440.272589
478.848167
538.765039
578.818601
525.568342
471.436771
459.846767
428.016979
407.861810
410.933800
399.248365
408.519550
417.268280
421.123789
428.520895
425.705712
402.457416
371.764633
373.998565
368.959908
340.417737
324.052433
324.949777
333.526556
306.773974
286.172936
267.090921
256.432947
197.172605
197.254803
198.640705
205.324066
218.628105
217.175843
240.765634
271.962077
295.610311
328.362829
363.141522
383.399533
363.921092
324.642322
317.800338
301.503268
282.006995
307.919427
289.975130
284.478465
304.521995
285.855832
291.838230
307.106551
281.872360
306.863068
309.779993
277.929942
312.328335
307.010453
319.464003
368.659126
377.372359
439.836115
478.389616
538.298010
578.320119
525.048489
470.902958
459.289851
427.438500
407.269371
410.356214
398.631167
407.868721
416.683824
420.574314
427.999910
425.205636
402.029784
371.342787
373.627714
368.630297
340.106112
323.808580
324.717249
333.341590
306.621552
286.036380
266.973730
256.307416
197.036719
197.109756
198.497255
205.166735
218.459468
216.995973
240.543820
271.702440
295.347594
328.054076
362.786672
383.035295
363.499794
324.157973
317.329115
300.996712
281.483168
307.383705
289.425839
283.944991
303.993810
285.337811
291.327876
306.612162
281.410114
306.403039
309.346643
277.535559
311.945549
306.642356
319.086959
368.251907
376.946864
439.400635
477.932114
537.831933
577.823244
524.530684
470.371292
458.735695
426.863337
406.681250
409.782117
398.019084
407.224382
416.104255
420.029374
427.483452
424.709624
401.605186
370.924048
373.258769
368.303088
339.797100
323.565836
324.486235
333.157131
306.469131
285.899826
266.856793
256.182583
196.901285
196.965160
198.354139
205.009891
218.291369
216.816662
240.323202
271.444023
295.086038
327.746821
362.433999
382.672543
363.080352
323.676548
316.859715
300.492356
280.962157
306.850368
288.879347
283.414178
303.467853
284.822138
290.819672
306.119421
280.949379
305.944535
308.914461
277.142183
311.563785
306.275159
318.710688
367.845569
376.522476
438.966162
477.475679
537.366851
577.327961
524.014908
469.841751
458.184247
426.291418
406.097308
409.211437
397.411982
406.586357
415.529431
419.488878
426.971322
424.218122
401.183568
370.508304
372.891855
367.978241
339.490629
323.324206
324.256687
332.972611
306.316728
285.763296
266.740125
256.058435
196.766311
196.821020
198.211364
204.853532
218.123599
216.637933
240.103771
271.186856
294.825651
327.441061
362.083490
382.311279
362.662789
323.198074
316.392182
299.990244
280.443981
306.319368
288.335653
282.886032
302.944129
284.308816
290.313672
305.628350
280.490171
305.487568
308.483465
276.749828
311.183055
305.908875
318.335207
367.440135
376.099213
438.532711
477.020335
536.902801
576.834265
523.501142
469.314322
457.635451
425.722678
405.517423
408.644109
396.809737
405.954487
414.959208
418.952737
426.463361
423.730303
400.764883
370.095459
372.527155
367.655709
339.186634
323.083695
324.028585
332.788360
306.164366
285.626813
266.623744
255.934964
196.631803
196.677346
198.068935
204.697656
217.956178
216.459799
239.885517
270.930973
294.566442
327.136799
361.735125
381.951475
362.247171
322.722569
315.926550
299.490414
279.928650
305.790706
287.794752
282.360554
302.422641
283.797840
289.809857
305.138973
280.032503
305.032149
308.053674
276.358504
310.803367
305.543511
317.960537
367.035629
375.677093
438.100292
476.566097
536.439820
576.342092
522.989368
468.788988
457.089260
425.157063
404.941484
408.080073
396.212236
405.328623
414.393464
418.420864
425.959449
423.246093
400.349090
369.685426
372.164514
367.335453
338.885032
322.844288
323.801924
332.604398
306.012062
285.490399
266.507663
255.812161
196.497767
196.534151
197.926858
204.542263
217.789121
216.282274
239.668434
270.676403
294.308424
326.834037
361.388883
381.593116
361.833487
322.250039
315.462852
298.992899
279.416173
305.264399
287.256638
281.837743
301.903395
283.289208
289.308229
304.651311
279.576389
304.578291
307.625103
275.968227
310.424731
305.179078
317.586692
366.632068
375.256127
437.668917
476.112985
535.977939
575.851413
522.479575
468.265742
456.545632
424.594525
404.369387
407.519274
395.619378
404.708628
413.832087
417.893180
425.459468
422.765435
399.936147
369.278130
371.803958
367.017450
338.585756
322.605953
323.576673
332.420733
305.859835
285.354076
266.391883
255.690019
196.364213
196.391460
197.785140
204.387353
217.622441
216.105371
239.452515
270.423166
294.051765
326.532778
361.044740
381.236201
361.421735
321.780486
315.001120
298.497731
278.906547
304.740474
286.721302
281.317593
301.386391
282.782916
288.808786
304.165381
279.121841
304.126000
307.197768
275.579008
310.047154
304.815584
317.213690
366.229470
374.836329
437.238600
475.661014
535.517188
575.362307
521.971748
467.744574
456.004530
424.035020
403.801040
406.961661
395.031075
404.094399
413.274980
417.369607
424.963279
422.288287
399.526017
368.873501
371.445527
366.701694
338.288748
322.368661
323.352773
332.237376
305.707702
285.217865
266.276399
255.568538
196.231147
196.249314
197.643785
204.232925
217.456152
215.929088
239.237745
270.171280
293.796739
326.233013
360.702671
380.880744
361.011954
321.313912
314.541434
298.004935
278.399770
304.218942
286.188738
280.800097
300.871630
282.278957
288.311527
303.681201
278.668868
303.675289
306.771684
275.190860
309.670643
304.453038
316.841543
365.827851
374.417707
436.809347
475.210202
535.057596
574.874770
521.465874
467.225477
455.465921
423.478506
403.236353
406.407191
394.447250
403.485925
412.722045
416.850071
424.470755
421.814611
399.118665
368.471475
371.089271
366.388167
337.993949
322.132395
323.130173
332.054329
305.555679
285.081787
266.161213
255.447711
196.098577
196.107732
197.502802
204.078981
217.290264
215.753434
239.024114
269.920757
293.542931
325.934733
360.362649
380.526772
360.604128
320.850317
314.084188
297.514538
277.895831
303.699787
285.658940
280.285247
300.359114
281.777327
287.816449
303.198782
278.217482
303.226165
306.346866
274.803796
309.295206
304.091445
316.470267
365.427225
374.000273
436.381173
474.760564
534.599192
574.387959
520.961944
466.708447
454.929777
422.924945
402.675250
405.855824
393.867850
402.883181
412.173196
416.334504
423.981784
421.344378
398.714059
368.071990
370.735255
366.076824
337.701308
321.897152
322.908827
331.871599
305.403783
284.945863
266.046333
255.327529
195.966505
195.966694
197.362197
203.925522
217.124786
215.578415
238.811611
269.671611
293.290266
325.637925
360.024654
380.174361
360.198220
320.389701
313.629035
297.026565
277.394715
303.182993
285.131895
279.773032
299.848843
281.278017
287.323551
302.718137
277.767691
302.778637
305.923328
274.417826
308.920852
303.730813
316.099871
365.027606
373.584033
435.954083
474.312113
534.142016
573.903574
520.459946
466.193480
454.396071
422.374301
402.117653
405.307523
393.292848
402.285883
411.628362
415.822839
423.496274
420.877560
398.312182
367.674990
370.383494
365.767606
337.410777
321.662936
322.688697
331.689192
305.252029
284.810110
265.931770
255.207982
195.832677
195.826188
197.221978
203.772549
216.959729
215.404033
238.600229
269.423854
293.038732
325.342576
359.688666
379.823692
359.794219
319.932060
313.175898
296.541052
276.896402
302.668552
284.607597
279.263442
299.340818
280.781023
286.832829
302.239275
277.319504
302.332709
305.501082
274.032962
308.547586
303.371148
315.730369
364.629005
373.168996
435.528090
473.864866
533.686077
573.420761
519.959872
465.680573
453.864778
421.826540
401.563498
404.762255
392.722240
401.693794
411.087486
415.315016
423.014143
420.414127
397.913025
367.280424
370.033961
365.460452
337.122314
321.429759
322.469757
331.507129
305.100431
284.674541
265.817537
255.089064
195.701658
195.686209
197.082154
203.620063
216.795099
215.230283
238.389967
269.177495
292.788321
325.048674
359.354665
379.474788
359.392121
319.477390
312.724776
296.058140
276.400870
302.156462
284.086036
278.756464
298.835041
280.286334
286.344279
301.762203
276.872929
301.888389
305.080142
273.649216
308.175417
303.012456
315.361772
364.231433
372.755167
435.103203
473.418834
533.231391
572.939521
519.461716
465.169722
453.335877
421.281628
401.012718
404.219987
392.155993
401.106761
410.550506
414.810981
422.535318
419.954041
397.516556
366.888249
369.686649
365.155321
336.835970
321.197643
322.251992
331.325442
304.949003
284.539167
265.703648
254.970770
195.571162
195.546757
196.942736
203.468067
216.630903
215.057161
238.180847
268.932541
292.539028
324.756208
359.022633
379.127483
358.991921
319.025677
312.275673
295.577876
275.908101
301.646718
283.567201
278.252088
298.331513
279.793944
285.857901
301.286933
276.427975
301.445683
304.660518
273.266599
307.804354
302.654744
314.994091
363.834901
372.342552
434.679431
472.974032
532.777976
572.459856
518.965469
464.660924
452.809347
420.739536
400.465256
403.680683
391.593997
400.524663
410.017333
414.310688
422.059730
419.497255
397.122690
366.498425
369.341555
364.852190
336.551742
320.966608
322.035408
331.144138
304.797755
284.404002
265.590111
254.853095
195.441194
195.407827
196.803731
203.316562
216.467150
214.884660
237.972893
268.688987
292.290852
324.465171
358.692548
378.781712
358.593615
318.576887
311.828588
295.100133
275.418073
301.139319
283.051081
277.750301
297.830238
279.303846
285.373689
300.813471
275.984649
301.004594
304.242222
272.885122
307.434406
302.298017
314.627333
363.439420
371.931158
434.256781
472.530471
532.325850
571.981769
518.471127
464.154177
452.285170
420.200236
399.921056
403.144306
391.036107
399.947397
409.487872
413.814109
421.587313
419.043719
396.731325
366.110918
368.998673
364.551063
336.269479
320.736677
321.819989
330.963193
304.646684
284.269060
265.476931
254.736035
195.311761
195.269416
196.665146
203.165550
216.303844
214.712777
237.766073
268.446821
292.043800
324.175560
358.364390
378.437462
358.197203
318.130960
311.383524
294.624875
274.930766
300.634263
282.537664
277.251091
297.331215
278.816031
284.891642
300.341823
275.542960
300.565129
303.824876
272.504794
307.065575
301.942282
314.261509
363.044996
371.520989
433.835264
472.085880
531.875033
571.505261
517.978685
463.649477
451.763328
419.663699
399.380067
402.610818
390.482195
399.374878
408.962041
413.321264
421.118009
418.593388
396.342370
365.725693
368.657992
364.251953
335.989154
320.507859
321.605685
330.782606
304.495816
284.134360
265.364113
254.619588
195.182866
195.131527
196.526989
203.015036
216.140993
214.541509
237.560347
268.206032
291.797882
323.887388
358.038139
378.094732
357.802680
317.687839
310.940479
294.152066
274.446159
300.131548
282.026934
276.754446
296.834438
278.330491
284.411756
299.871994
275.102916
300.127293
303.409275
272.125626
306.697868
301.587541
313.896627
362.651641
371.112050
433.414887
471.644849
531.425539
571.030335
517.488139
463.146822
451.243804
419.129900
398.842240
402.080182
389.932167
398.807029
408.439779
412.832196
420.651759
418.146221
395.955760
365.342723
368.319494
363.954880
335.710748
320.280145
321.392427
330.602382
304.345167
283.999919
265.251663
254.503748
195.054514
194.994153
196.389259
202.865022
215.978601
214.370854
237.355705
267.966601
291.553085
323.600668
357.713773
377.753526
357.410043
317.247475
310.499456
293.681678
273.964238
299.631171
281.518879
276.260352
296.339899
277.847218
283.934026
299.403992
274.664523
299.691090
302.995034
271.747630
306.331289
301.233801
313.532697
362.259361
370.704345
432.995660
471.205094
530.977385
570.556994
516.999486
462.646209
450.726586
418.598576
398.307531
401.552361
389.385950
398.243771
407.921038
412.346806
420.188509
417.702186
395.571444
364.961980
367.983157
363.659916
335.434277
320.053512
321.180179
330.422502
304.194752
283.865743
265.139585
254.388514
194.926712
194.857298
196.252084
202.715512
215.816674
214.200811
237.152153
267.728515
291.309391
323.315367
357.391274
377.413849
357.019290
316.809824
310.060455
293.213692
273.484980
299.133131
281.013480
275.768799
295.847592
277.366205
283.458451
298.937821
274.227799
299.256525
302.582163
271.370814
305.965843
300.881065
313.169726
361.868166
370.297880
432.577589
470.766627
530.530586
570.085242
516.512723
462.147635
450.211658
418.070179
397.775896
401.027325
388.843482
397.685228
407.406039
411.864996
419.728208
417.261258
395.189380
364.583438
367.648960
363.367298
335.159822
319.827947
320.968918
330.242989
304.044582
283.731837
265.027884
254.273883
194.799465
194.720966
196.115200
202.566510
215.655219
214.031520
236.949690
267.491764
291.066791
323.031453
357.070622
377.075705
356.630414
316.374846
309.623478
292.748092
273.008371
298.637422
280.510724
275.279775
295.357510
276.887444
282.985025
298.473486
273.792809
298.823602
302.170671
270.995192
305.601538
300.529337
312.807721
361.478062
369.892657
432.160683
470.329457
530.085154
569.615082
516.027845
461.651098
449.699008
417.544449
397.247295
400.505047
388.304698
397.131522
406.894548
411.386709
419.270806
416.823417
394.809535
364.207072
367.316878
363.077490
334.887369
319.603441
320.758627
330.063877
303.894669
283.598208
264.916563
254.159853
194.672780
194.585159
195.978739
202.418017
215.494238
213.862885
236.748309
267.256340
290.825305
322.748908
356.751799
376.739097
356.243407
315.942503
309.188525
292.284863
272.534391
298.144045
280.010597
274.793265
294.869651
276.410927
282.513745
298.010992
273.359522
298.392326
301.760565
270.620779
305.238378
300.178623
312.446692
361.089057
369.488681
431.744951
469.893595
529.641105
569.146519
515.544851
461.156596
449.188623
417.021366
396.721692
399.985498
387.769531
396.582109
406.386485
410.911886
418.816260
416.388655
394.431878
363.832862
366.986891
362.790211
334.616786
319.379971
320.549292
329.885175
303.745024
283.464863
264.805626
254.046422
194.546663
194.449882
195.842705
202.270033
215.333739
213.694852
236.547995
267.022230
290.584959
322.467724
356.434785
376.404032
355.858259
315.512757
308.755598
291.823990
272.063025
297.652995
279.513085
274.309258
294.384010
275.936646
282.044608
297.550343
272.927913
297.962702
301.351856
270.247580
304.876367
299.828926
312.086644
360.701159
369.085957
431.330400
469.459051
529.198449
568.679555
515.063738
460.664126
448.680493
416.500909
396.199050
399.468657
387.237920
396.036867
405.881830
410.440455
418.364528
415.956955
394.056382
363.460787
366.658981
362.504960
334.347976
319.157535
320.340903
329.706887
303.595660
283.331811
264.695074
253.933588
194.421119
194.315137
195.704609
202.122557
215.173725
213.527423
236.348733
266.789416
290.345696
322.187890
356.119565
376.070511
355.474962
315.085577
308.324698
291.365461
271.594256
297.164268
279.018174
273.827744
293.900583
275.464594
281.577608
297.091543
272.497987
297.534733
300.944552
269.875598
304.515513
299.480252
311.727586
360.314374
368.684488
430.917037
469.025835
528.757199
568.214199
514.584503
460.173686
448.174603
415.983058
395.679337
398.954508
386.709807
395.495705
405.380554
409.972339
417.915578
415.528297
393.682975
363.090826
366.333137
362.221542
334.080876
318.936129
320.133450
329.529015
303.446607
283.199062
264.584911
253.821349
194.296151
194.180929
195.569425
201.975587
215.014203
213.360593
236.150502
266.557887
290.107518
321.909401
355.806119
375.738537
355.093506
314.660925
307.895826
290.909261
271.128066
296.677861
278.525855
273.348709
293.419367
274.994764
281.113275
296.634596
272.069748
297.108422
300.538659
269.504840
304.155818
299.132605
311.369524
359.928707
368.284276
430.504872
468.593955
528.317366
567.750453
514.107144
459.684411
447.670945
415.467796
395.162523
398.443036
386.185136
394.958542
404.882618
409.507469
417.469395
415.102706
393.311734
362.722962
366.009350
361.939855
333.815436
318.715749
319.926920
329.351567
303.298065
283.066625
264.475138
253.709704
194.171763
194.047262
195.434675
201.829123
214.855175
213.194364
235.953282
266.327630
289.870428
321.632247
355.494430
375.408110
354.713881
314.238775
307.468985
290.455379
270.664440
296.193772
278.036115
272.872140
292.940359
274.527149
280.650515
296.179507
271.643201
296.683775
300.134186
269.135310
303.797290
298.785989
311.012466
359.544168
367.885328
430.093910
468.163421
527.878961
567.288318
513.631659
459.198022
447.169507
414.955107
394.648578
397.934240
385.663859
394.425302
404.387972
409.045791
417.026038
414.680421
392.942586
362.357176
365.687599
361.659832
333.551623
318.496383
319.721309
329.174547
303.149979
282.934509
264.365756
253.598649
194.047956
193.914139
195.300361
201.683162
214.696646
213.028732
235.757061
266.098635
289.634418
321.356424
355.184478
375.079230
354.336081
313.819097
307.044177
290.003804
270.203363
295.711996
277.548946
272.398029
292.463557
274.061742
280.189882
295.726277
271.218351
296.260795
299.731141
268.767018
303.439931
298.440410
310.656418
359.160761
367.487645
429.684161
467.734242
527.441995
566.827802
513.158047
458.713659
446.670280
414.444971
394.137479
397.428126
385.145928
393.895914
403.896565
408.587261
416.585634
414.261391
392.575513
361.993410
365.367859
361.381426
333.289409
318.278015
319.516607
328.997963
303.002226
282.802727
264.256767
253.488180
193.924733
193.781563
195.166487
201.537707
214.538622
212.863698
235.561831
265.870890
289.399488
321.081925
354.876246
374.751889
353.960099
313.401867
306.621405
289.554731
269.744817
295.232529
277.064337
271.926361
291.988956
273.598535
279.731370
295.274911
270.795203
295.839486
299.329529
268.399969
303.083747
298.095872
310.301386
358.778493
367.091233
429.275819
467.306425
527.006478
566.368904
512.686305
458.231320
446.173254
413.937373
393.629203
396.924720
384.631299
393.370316
403.408346
408.131835
416.148055
413.845314
392.210498
361.631735
365.050108
361.104602
333.028780
318.060634
319.312805
328.821823
302.854817
282.671302
264.148173
253.378296
193.802098
193.649539
195.033057
201.392757
214.381428
212.699260
235.367593
265.644384
289.165624
320.808747
354.569716
374.426654
353.585926
312.977730
306.200673
289.108179
269.288789
294.755368
276.582280
271.457128
291.516552
273.137521
279.274977
294.825410
270.373759
295.419852
298.929357
268.034170
302.728742
297.752379
309.947379
358.397371
366.696094
428.868514
466.879979
526.572417
565.911630
512.216432
457.751003
445.678422
413.432297
393.123725
396.424043
384.119930
392.848447
402.923267
407.679475
415.719571
413.432149
391.847522
361.272091
364.734332
360.829336
332.769772
317.844236
319.109898
328.646135
302.707764
282.540248
264.039976
253.268992
193.680056
193.518070
194.900072
201.248314
214.224414
212.535417
235.174357
265.419103
288.932804
320.536884
354.264870
374.102360
353.213326
312.565285
305.781988
288.663898
268.835263
294.280509
276.102765
270.990318
291.046460
272.678696
278.820698
294.377778
269.954024
295.001896
298.530632
267.669638
302.374921
297.409939
309.594402
358.017399
366.302231
428.462442
466.454912
526.139824
565.455982
511.748426
457.272706
445.185774
412.929728
392.621016
395.926052
383.611782
392.330255
402.441277
407.230165
415.287305
413.021912
391.486570
360.914463
364.420517
360.555611
332.512473
317.628809
318.907880
328.470907
302.561077
282.409557
263.932177
253.160267
193.558612
193.387158
194.767538
201.104382
214.067915
212.372166
234.982119
265.195038
288.701018
320.266337
353.961694
373.779573
352.842749
312.155229
305.365362
288.221876
268.384223
293.807946
275.625780
270.525919
290.578443
272.222051
278.368529
293.932018
269.536002
294.585622
298.133358
267.306361
302.022287
297.068554
309.242461
357.638583
365.909649
428.057610
466.031230
525.708705
565.001965
511.282285
456.796427
444.695303
412.429651
392.121048
395.430689
383.106818
391.815691
401.962336
406.783870
414.857632
412.614534
391.127627
360.558838
364.108644
360.283412
332.256751
317.414326
318.706743
328.296150
302.414758
282.279228
263.824781
253.052119
193.437773
193.256807
194.635459
200.960959
213.911934
212.209509
234.790850
264.972176
288.470264
319.997108
353.660172
373.458285
352.473961
311.747553
304.950818
287.782102
267.935657
293.337677
275.151310
270.063922
290.112614
271.767580
277.918465
293.488129
269.119695
294.171031
297.737543
266.944353
301.670844
296.728228
308.891563
357.260930
365.518352
427.654026
465.608941
525.279069
564.549582
510.818009
456.322166
444.207002
411.932050
391.623792
394.937907
382.605002
391.304711
401.486402
406.340503
414.430531
412.209907
390.770678
360.205202
363.798692
360.012722
332.002526
317.200761
318.506485
328.121877
302.268809
282.149267
263.717787
252.944549
193.317538
193.127019
194.503838
200.818047
213.756475
212.047444
234.600526
264.750507
288.240537
319.729201
353.360289
373.138492
352.106955
311.342253
304.538386
287.344568
267.489549
292.869697
274.679342
269.604319
289.648970
271.315277
277.470502
293.046116
268.705107
293.758128
297.343190
266.583622
301.320597
296.388969
308.541713
356.884445
365.128342
427.251697
465.188055
524.850925
564.098836
510.355596
455.849918
443.720863
411.436911
391.129222
394.447666
382.106303
390.797279
401.013437
405.900011
414.005985
411.808399
390.415708
359.853541
363.490638
359.743518
331.749772
316.988099
318.307101
327.948103
302.123234
282.019681
263.611281
252.837571
193.197905
192.997798
194.372678
200.675648
213.601542
211.885970
234.411132
264.530022
288.011834
319.462616
353.062032
372.820202
351.741724
310.939327
304.128082
286.909266
267.045886
292.404000
274.209863
269.147103
289.187507
270.865136
277.024636
292.605979
268.292241
293.346914
296.950304
266.224170
300.971549
296.050778
308.192917
356.509133
364.739623
426.850628
464.768575
524.424278
563.649732
509.895044
455.379683
443.236881
410.944222
390.637315
393.959940
381.610691
390.293360
400.543404
405.462354
413.583993
411.409498
390.062702
359.503844
363.184454
359.475774
331.498470
316.776331
318.108587
327.774846
301.978040
281.890478
263.505103
252.731226
193.078870
192.869146
194.241987
200.533762
213.447138
211.725087
234.222664
264.310711
287.784150
319.197343
352.765386
372.503429
351.378262
310.538758
303.719888
286.476187
266.604655
291.940583
273.742859
268.692268
288.728221
270.417150
276.580862
292.167719
267.881099
292.937392
296.558888
265.866005
300.623703
295.713659
307.845181
356.135000
364.352198
426.450825
464.350510
523.999137
563.202273
509.436354
454.911457
442.755047
410.453967
390.148048
393.474705
381.118145
389.792929
400.076270
405.027496
413.165239
411.013171
389.711646
359.156095
362.880115
359.209463
331.248609
316.565449
317.910942
327.602115
301.833231
281.761663
263.399335
252.625504
192.960433
192.741066
194.111766
200.392393
213.293265
211.564796
234.035112
264.092566
287.557481
318.933365
352.470342
372.188192
351.016566
310.140512
303.313779
286.045323
266.165842
291.479441
273.278320
268.239807
288.271109
269.971313
276.139175
291.731338
267.471682
292.529563
296.168949
265.509132
300.277064
295.377614
307.498512
355.762050
363.966072
426.052297
463.933865
523.575508
562.756461
508.979521
454.445240
442.275357
409.966134
389.661400
392.991946
380.628651
389.295957
399.612002
404.595402
412.748417
410.619522
389.362527
358.810282
362.577598
358.944561
331.000199
316.355446
317.714164
327.429913
301.688810
281.632864
263.293982
252.520363
192.842590
192.613563
193.982021
200.251543
213.139928
211.405097
233.848474
263.875580
287.331821
318.670668
352.176885
371.874485
350.656629
309.744552
302.909742
285.616671
265.729435
291.020568
272.816236
267.789711
287.816167
269.527619
275.699572
291.296837
267.063994
292.123429
295.780490
265.153553
299.931635
295.042648
307.152912
355.390290
363.581247
425.655048
463.518647
523.153398
562.312301
508.524548
453.981029
441.797803
409.480711
389.177353
392.511643
380.142209
388.802412
399.150571
404.166042
412.334182
410.228432
389.015333
358.466391
362.276881
358.681048
330.753230
316.146319
317.518250
327.258244
301.544782
281.504872
263.189045
252.415786
192.725343
192.486640
193.852757
200.111214
212.987129
211.245991
233.662738
263.659744
287.107165
318.409241
351.884959
371.562282
350.298449
309.350851
302.507775
285.190224
265.295421
290.563960
272.356595
267.341963
287.363390
269.086063
275.262048
290.864217
266.658035
291.718991
295.393516
264.799274
299.587418
294.708765
306.808391
355.019723
363.197727
425.259085
463.104861
522.732811
561.869795
508.071431
453.518822
441.322378
408.997686
388.695889
392.033785
379.658795
388.312245
398.691949
403.739383
411.922469
409.839860
388.670056
358.124412
361.977927
358.418904
330.507658
315.938062
317.323196
327.087117
301.401150
281.377289
263.084526
252.311770
192.608690
192.360303
193.723977
199.972066
212.834873
211.087480
233.477896
263.445054
286.883509
318.149076
351.594643
371.251558
349.941360
308.959385
302.107901
284.765979
264.863788
290.109611
271.899387
266.896550
286.912777
268.646638
274.826597
290.433477
266.252979
291.316251
295.008032
264.446302
299.244418
294.375971
306.464951
354.650354
362.815514
424.864414
462.692514
522.313756
561.428947
507.620169
453.058615
440.849079
408.517046
388.216989
391.558358
379.178359
387.825407
398.236106
403.315395
411.513194
409.453800
388.326726
357.784335
361.680762
358.158115
330.263464
315.730673
317.128996
326.916545
301.257920
281.250122
262.980429
252.208312
192.492633
192.234560
193.595684
199.832783
212.683164
210.929566
233.293934
263.231503
286.660847
317.890166
351.305881
370.942298
349.586685
308.570139
301.710167
284.343933
264.434525
289.657517
271.444603
266.453453
286.464321
268.209338
274.391996
290.004620
265.850486
290.915211
294.624039
264.094638
298.902636
294.044270
306.122597
354.282189
362.434613
424.471039
462.281609
521.896236
560.989370
507.170762
452.600359
440.377898
408.038781
387.740639
391.085350
378.700845
387.341843
397.783019
402.894050
411.106302
409.070249
387.985578
357.446163
361.385357
357.898666
330.020635
315.524151
316.935644
326.746520
301.115099
281.123376
262.876753
252.105409
192.377175
192.109414
193.467881
199.694031
212.532005
210.772254
233.110993
263.019080
286.439179
317.632503
351.018661
370.634496
349.233778
308.183095
301.314561
283.924075
264.007620
289.207670
270.992235
266.012662
286.018021
267.774158
273.960693
289.577643
265.449728
290.515870
294.241542
263.744288
298.562076
293.713667
305.781336
353.915231
362.055026
424.078968
461.872154
521.480257
560.551826
506.723208
452.144140
439.908831
407.562879
387.266821
390.614750
378.226211
386.861497
397.332663
402.475319
410.701770
408.689202
387.646486
357.109935
361.091709
357.640543
329.779159
315.318492
316.743132
326.577037
300.972691
280.997053
262.773501
252.003060
192.262339
191.984864
193.340570
199.555809
212.381400
210.615545
232.928769
262.807772
286.218501
317.376079
350.732973
370.328144
348.882652
307.798242
300.921059
283.506389
263.583060
288.760067
270.542272
265.574164
285.573871
267.341090
273.531451
289.152548
265.050705
290.118229
293.860544
263.395255
298.222740
293.384165
305.441171
353.549486
361.676756
423.688205
461.464151
521.065825
560.115330
506.277507
451.689914
439.441870
407.089329
386.795522
390.146547
377.754425
386.384314
396.885015
402.059175
410.299559
408.310659
387.309272
356.775627
360.799818
357.383736
329.539023
315.113696
316.551455
326.408097
300.830704
280.871158
262.670673
251.901263
192.148156
191.860905
193.213756
199.418122
212.231351
210.459447
232.747403
262.597563
285.998815
317.120887
350.448808
370.023239
348.533302
307.415568
300.529639
283.090863
263.160835
288.314702
270.094705
265.137950
285.131867
266.910130
273.104264
288.729333
264.653418
289.722291
293.481046
263.047545
297.884631
293.055765
305.102108
353.184956
361.299807
423.298756
461.057605
520.652942
559.681121
505.833655
451.237681
438.977012
406.618120
386.326726
389.680729
377.285456
385.910251
396.440052
401.645591
409.899642
407.934630
386.973907
356.443184
360.509683
357.128234
329.300218
314.909762
316.360608
326.239702
300.689143
280.745694
262.568270
251.800017
192.034590
191.737532
193.087440
199.280971
212.081859
210.303965
232.566889
262.388440
285.780123
316.866921
350.166157
369.719778
348.185702
307.035062
300.140272
282.677487
262.740933
287.871567
269.649525
264.704008
284.692005
266.481273
272.679125
288.307999
264.257868
289.328054
293.103053
262.701160
297.547752
292.728470
304.764151
352.821648
360.924181
422.910624
460.652522
520.241615
559.248584
505.391653
450.787434
438.514249
406.149242
385.860421
389.217288
376.819278
385.439264
395.997750
401.234543
409.501997
407.561096
386.640379
356.112584
360.221290
356.874026
329.062737
314.706691
316.170586
326.071854
300.548017
280.620665
262.466292
251.699318
191.921622
191.614743
192.961626
199.144358
211.932927
210.149104
232.387222
262.180389
285.562424
316.614173
349.885016
369.417754
347.839832
306.656717
299.752932
282.266252
262.323341
287.430659
269.206724
264.272328
284.254279
266.054511
272.256032
287.888546
263.863515
288.935521
292.726566
262.356103
297.212105
292.402285
304.427306
352.459565
360.549881
422.523813
460.248905
519.831847
558.817720
504.951500
450.339174
438.053579
405.682684
385.396592
388.756214
376.355864
384.971321
395.558089
400.826005
409.106605
407.189982
386.308677
355.783812
359.934617
356.621105
328.826583
314.504481
315.981385
325.904558
300.407331
280.496074
262.364740
251.599167
191.809249
191.492536
192.836318
199.008283
211.784556
209.994871
232.208397
261.973401
285.345748
316.362638
349.605379
369.117163
347.495679
306.280527
299.367599
281.857150
261.908048
286.991971
268.766292
263.842902
283.818682
265.629839
271.834979
287.470970
263.471436
288.544690
292.351589
262.012379
296.877692
292.077213
304.091576
352.098710
360.176909
422.138326
459.846758
519.423642
558.388530
504.513193
449.892897
437.594994
405.218438
384.935226
388.297495
375.895189
384.506385
395.121048
400.419954
408.713449
406.821204
385.978944
355.456857
359.649637
356.369461
328.591779
314.303134
315.793002
325.737814
300.267096
280.372026
262.263615
251.499559
191.697472
191.370911
192.711523
198.872748
211.636749
209.841268
232.030410
261.767466
285.130182
316.112310
349.327244
368.818000
347.153235
305.906485
298.984256
281.450173
261.495043
286.555497
268.328219
263.415717
283.385209
265.207251
271.417747
287.055273
263.081095
288.155562
291.978122
261.669990
296.544516
291.753257
303.756965
351.739088
359.805270
421.754170
459.446086
519.017004
557.961018
504.076732
449.450004
437.138490
404.756498
384.476310
387.841122
375.437229
384.044428
394.686609
400.016370
408.322507
406.454699
385.650866
355.131708
359.366327
356.119086
328.358356
314.102651
315.605431
325.571627
300.127317
280.248326
262.162914
251.400492
191.586290
191.249867
192.587242
198.737754
211.489509
209.688297
231.853260
261.562578
284.915628
315.863181
349.050610
368.520257
346.812493
305.534588
298.602892
281.045313
261.084312
286.121231
267.892497
262.990767
282.953852
264.786741
271.000743
286.641453
262.692492
287.768137
291.606169
261.328939
296.212579
291.430422
303.423479
351.380702
359.434963
421.371343
459.046892
518.611937
557.535186
503.642114
449.007664
436.684062
404.296852
384.019827
387.387086
374.981961
383.585418
394.254760
399.615239
407.933762
406.090426
385.324588
354.808353
359.084674
355.869974
328.126319
313.903031
315.418666
325.406008
299.987998
280.125077
262.062641
251.301963
191.475704
191.129406
192.463480
198.603302
211.342839
209.535955
231.676941
261.358731
284.702038
315.615248
348.775471
368.223928
346.473447
305.164830
298.223496
280.644287
260.675846
285.689168
267.459114
262.568040
282.524608
264.368305
270.585762
286.229508
262.305626
287.382416
291.235732
260.989228
295.881883
291.108709
303.091122
351.023557
359.065993
420.989857
458.649181
518.208444
557.111033
503.209338
448.567298
436.231704
403.839495
383.565763
386.935376
374.529365
383.129328
393.825483
399.216607
407.547197
405.728358
385.000102
354.486783
358.804661
355.622116
327.895616
313.704277
315.232703
325.241010
299.849145
280.002283
261.962792
251.203967
191.365715
191.009527
192.340236
198.469393
211.196741
209.384239
231.501452
261.155913
284.489404
315.368504
348.501816
367.929010
346.136093
304.797207
297.846058
280.243647
260.269631
285.259300
267.028062
262.147527
282.097468
263.951937
270.172800
285.819437
261.920497
286.998397
290.866811
260.650861
295.552431
290.788123
302.759895
350.667656
358.698363
420.609717
458.253554
517.806278
556.688563
502.778902
448.128903
435.781412
403.384421
383.114102
386.485983
374.079416
382.676128
393.398760
398.820582
407.162793
405.368469
384.677402
354.166988
358.526266
355.375506
327.666188
313.506389
315.047535
325.076603
299.710755
279.879947
261.863368
251.106502
191.256322
190.890230
192.217509
198.336027
211.051217
209.233146
231.326792
260.954114
284.277720
315.122945
348.229632
367.635675
345.800425
304.431709
297.470564
279.845101
259.865656
284.831623
266.599330
261.728853
281.672429
263.537632
269.761854
285.411239
261.537104
286.616079
290.499408
260.313838
295.224224
290.468667
302.429806
350.313002
358.332075
420.230916
457.858814
517.406764
556.267776
502.350631
447.692477
435.333181
402.931618
382.664828
386.038897
373.632095
382.225790
392.974571
398.427044
406.780534
405.010742
384.356482
353.848959
358.249477
355.130138
327.438002
313.309369
314.863154
324.912769
299.572829
279.758074
261.764377
251.009566
191.147526
190.771515
192.095298
198.203205
210.906268
209.082673
231.152961
260.753325
284.066983
314.878567
347.958923
367.343570
345.466439
304.068327
297.096980
279.448645
259.463910
284.406130
266.172906
261.312738
281.249484
263.125390
269.352916
285.004145
261.155448
286.235461
290.133524
259.978163
294.897263
290.150345
302.100856
349.959599
357.967131
419.853479
457.465566
517.008005
555.848675
501.923373
447.258015
434.887006
402.481076
382.217927
385.594108
373.187381
381.778288
392.552899
398.035902
406.400405
404.655159
384.037335
353.532685
357.974301
354.886006
327.211042
313.113223
314.679553
324.749509
299.435366
279.636669
261.665816
250.913159
191.039328
190.653383
191.973605
198.070930
210.761893
208.932818
230.979964
260.553570
283.857193
314.635364
347.689671
367.052874
345.134133
303.707044
296.725321
279.054271
259.064384
283.982816
265.748779
260.898810
280.828629
262.715202
268.945980
284.599792
260.775526
285.856540
289.769161
259.643836
294.571552
289.833157
301.773051
349.607450
357.603536
419.477400
457.073814
516.610831
555.431258
501.497952
446.825516
434.442881
402.032784
381.773384
385.151605
372.745253
381.333594
392.133731
397.647097
406.022403
404.301704
383.719958
353.218159
357.700745
354.643107
326.985292
312.917964
314.496725
324.586826
299.298367
279.515733
261.567676
250.817282
190.931727
190.535830
191.852455
197.939204
210.618090
208.783576
230.807803
260.354829
283.648346
314.393334
347.421847
366.763591
344.803505
303.347842
296.355593
278.661972
258.667064
283.561672
265.326943
260.487058
280.409857
262.307059
268.541043
284.197197
260.397337
285.479315
289.406319
259.310861
294.247092
289.517108
301.446392
349.256558
357.241290
419.102682
456.683558
516.215244
555.015529
501.074365
446.394974
434.000803
401.586726
381.331185
384.711381
372.305690
380.891681
391.717059
397.260610
405.646581
403.950364
383.404361
352.905376
357.428772
354.401435
326.760742
312.723629
314.314664
324.424725
299.161832
279.395274
261.469956
250.721934
190.824723
190.418857
191.731830
197.808029
210.474857
208.634944
230.636484
260.157073
283.440440
314.152472
347.155443
366.475725
344.474553
302.990699
295.987791
278.271741
258.271942
283.142695
264.907383
260.077474
279.993163
261.900954
268.138099
283.796467
260.020882
285.103785
289.044998
258.979238
293.923883
289.202200
301.120884
348.906927
356.880396
418.729330
456.294803
515.821245
554.601487
500.652609
445.966389
433.560764
401.142890
380.891316
384.273425
371.868675
380.452523
391.302869
396.876420
405.272982
403.601123
383.090577
352.594486
357.158349
354.160988
326.537382
312.530246
314.133363
324.263208
299.025763
279.275294
261.372658
250.627113
190.718317
190.302462
191.611722
197.677410
210.332192
208.486920
230.466003
259.960295
283.233475
313.912775
346.890451
366.189273
344.147277
302.635595
295.621910
277.883574
257.879006
282.725878
264.490092
259.670049
279.578541
261.495135
267.737140
283.397598
259.646157
284.729946
288.685199
258.648967
293.601928
288.888436
300.796529
348.558559
356.520858
418.357346
455.907550
515.428839
554.189133
500.232685
445.539755
433.122763
400.701266
380.453764
383.837728
371.434188
380.016092
390.891131
396.494511
404.901487
403.253968
382.778594
352.285352
356.889456
353.921761
326.315202
312.337788
313.952816
324.102279
298.890163
279.155800
261.275781
250.532819
190.612506
190.186645
191.492136
197.547349
210.190092
208.339501
230.296353
259.764489
283.027450
313.674239
346.626865
365.904229
343.821676
302.282508
295.257945
277.497462
257.488247
282.311213
264.075063
259.264774
279.165985
261.091945
267.338163
283.000588
259.273162
284.357798
288.326922
258.320052
293.281228
288.575820
300.473331
348.211457
356.162677
417.986735
455.521802
515.038024
553.778470
499.814587
445.115076
432.684834
400.261841
380.018517
383.404281
371.002212
379.582359
390.481815
396.114871
404.532051
402.908878
382.468823
351.977929
356.622079
353.683746
326.094193
312.146212
313.773019
323.941942
298.755035
279.036796
261.179325
250.439050
190.507292
190.071403
191.373077
197.417852
210.048553
208.192685
230.127517
259.569647
282.822360
313.436862
346.364674
365.620581
343.497746
301.931419
294.895891
277.113401
257.099654
281.898696
263.662289
258.861638
278.755489
260.691926
266.941161
282.605435
258.901893
283.987338
287.970169
257.992491
292.961783
288.264353
300.151294
347.865625
355.805855
417.617499
455.137561
514.648803
553.369496
499.398317
444.692361
432.250898
399.824603
379.585565
382.973077
370.572734
379.151297
390.074891
395.737485
404.164655
402.565824
382.160304
351.672207
356.356206
353.446935
325.874349
311.955498
313.593966
323.782197
298.620380
278.918288
261.083292
250.345803
190.402672
189.956737
191.254547
197.288917
209.907575
208.046470
229.959482
259.375764
282.618208
313.200640
346.103867
365.338316
343.175482
301.582312
294.535743
276.731384
256.713217
281.488318
263.251771
258.460634
278.347049
260.293921
266.546129
282.212135
258.532349
283.618565
287.614938
257.666288
292.643596
287.954039
299.830419
347.521064
355.450394
417.249642
454.754830
514.261178
552.962214
498.983870
444.271598
431.818984
399.389546
379.154892
382.544105
370.145748
378.722894
389.670339
395.362332
403.799286
402.224782
381.853482
351.368177
356.091827
353.211324
325.655659
311.765636
313.415655
323.623048
298.486200
278.800281
260.987682
250.253074
190.298646
189.842645
191.136549
197.160541
209.767157
207.900853
229.792237
259.182832
282.414990
312.965571
345.844430
365.057426
342.854879
301.235171
294.177496
276.351407
256.328926
281.080073
262.843501
258.061754
277.940657
259.897924
266.153060
281.820685
258.164529
283.251476
287.261230
257.341442
292.326666
287.644881
299.510712
347.177778
355.096297
416.883167
454.373610
513.875150
552.556623
498.571245
443.852775
431.389085
398.956658
378.726491
382.117358
369.721267
378.297164
389.268137
394.989400
403.435930
401.885726
381.548347
351.065830
355.828931
352.976902
325.438120
311.576622
313.238082
323.464497
298.352501
278.682781
260.892495
250.160863
190.195212
189.729128
191.019080
197.032722
209.627306
207.755836
229.625773
258.990847
282.212706
312.731650
345.586350
364.777924
342.535931
300.889979
293.821145
275.973463
255.946771
280.673954
262.437466
257.664985
277.536308
259.503930
265.761948
281.431084
257.798428
282.886069
286.909044
257.017954
292.010995
287.336880
299.192173
346.835768
354.743567
416.518077
453.993903
513.490720
552.152724
498.160439
443.435886
430.961200
398.525930
378.300349
381.692825
369.299270
377.874119
388.868268
394.618673
403.074579
401.548636
381.244885
350.765157
355.567508
352.743668
325.221728
311.388451
313.061245
323.306545
298.219282
278.565789
260.797731
250.069101
190.092369
189.616184
190.902136
196.905456
209.488040
207.611417
229.460084
258.799802
282.011354
312.498873
345.329611
364.499890
342.218633
300.546724
293.466686
275.597549
255.566740
280.269954
262.033644
257.270323
277.133994
259.111931
265.372788
281.043326
257.434046
282.522342
286.558380
256.695825
291.696584
287.030039
298.874807
346.495036
354.392208
416.154373
453.615710
513.107887
551.750516
497.751451
443.020925
430.535321
398.097355
377.876456
381.270498
368.879713
377.453725
388.470717
394.250138
402.715226
401.213495
380.943087
350.466149
355.307549
352.511613
325.006489
311.201122
312.885140
323.149192
298.086548
278.449307
260.703390
249.977903
189.990119
189.503812
190.785716
196.778742
209.349390
207.467598
229.295162
258.609691
281.810929
312.267235
345.074205
364.223230
341.902982
300.205395
293.114116
275.223658
255.188824
279.868065
261.632016
256.877756
276.733709
258.721922
264.985574
280.657409
257.071378
282.158825
286.210240
256.375054
291.383433
286.724363
298.558616
346.155585
354.042223
415.792060
453.239033
512.726654
551.350000
497.344277
442.607890
430.111445
397.670924
377.454802
380.850368
368.462561
377.035927
388.075467
393.883780
402.357871
400.880290
380.642941
350.168796
355.049045
352.280734
324.792433
311.014633
312.709767
322.992442
297.954301
278.333334
260.609473
249.887199
189.888471
189.392012
190.669816
196.652579
209.211354
207.324383
229.131005
258.420508
281.611423
312.036731
344.820122
363.947917
341.588975
299.865977
292.763430
274.851785
254.813009
279.468278
261.232567
256.487275
276.335445
258.333895
264.600299
280.273329
256.710423
281.798706
285.862620
256.055642
291.071544
286.419852
298.243601
345.817418
353.693716
415.431140
452.863873
512.347020
550.951176
496.939243
442.196776
429.689566
397.246627
377.035377
380.432424
368.047795
376.620682
387.682504
393.519791
402.002524
400.549008
380.344433
349.873089
354.791987
352.051025
324.579587
310.828980
312.535123
322.836295
297.822543
278.217869
260.515978
249.796988
189.787451
189.280783
190.554438
196.526968
209.073898
207.181769
228.967609
258.232247
281.412832
311.807356
344.567352
363.673942
341.276608
299.528459
292.414627
274.481924
254.439284
279.070586
260.835282
256.098873
275.939193
257.947844
264.216956
279.891082
256.351177
281.439985
285.516519
255.737590
290.760915
286.116508
297.929767
345.480536
353.346493
415.071614
452.490232
511.968987
550.554351
496.535690
441.787578
429.269680
396.824458
376.618171
380.016658
367.635397
376.207963
387.291813
393.157747
401.649184
400.219639
380.047554
349.579017
354.536366
351.822479
324.367907
310.644163
312.361206
322.680753
297.691279
278.102910
260.422908
249.707276
189.687049
189.170124
190.439581
196.401906
208.936998
207.039752
228.804971
258.044902
281.215149
311.579106
344.315892
363.401303
340.965881
299.192832
292.067702
274.114069
254.067635
278.674981
260.440149
255.712539
275.544947
257.563759
263.835540
279.510664
255.993639
281.082934
285.171938
255.420897
290.451549
285.814333
297.617113
345.144940
353.000652
414.713486
452.118111
511.592554
550.158910
496.133944
441.380294
428.851782
396.404407
376.203175
379.603057
367.225349
375.797744
386.903379
392.797839
401.297821
399.892179
379.752292
349.286573
354.282173
351.595090
324.157352
310.460179
312.188014
322.525816
297.560511
277.988455
260.330261
249.618067
189.586846
189.060033
190.325245
196.277395
208.800644
206.898330
228.643093
257.858467
281.018369
311.351311
344.065740
363.129993
340.656792
298.859085
291.722656
273.748213
253.698052
278.281455
260.047157
255.328266
275.152697
257.181637
263.456045
279.132073
255.637803
280.727550
284.828874
255.105563
290.143446
285.513328
297.305645
344.810633
352.656190
414.356756
451.747510
511.217721
549.765160
495.734002
440.974917
428.435866
395.986466
375.790378
379.191612
366.817636
375.390005
386.517189
392.440051
400.948401
399.566626
379.458641
348.995747
354.029400
351.368852
323.947907
310.277028
312.015544
322.371488
297.430248
277.874505
260.238038
249.525094
189.487621
188.950509
190.242313
196.153434
208.664831
206.757499
228.481971
257.672938
280.822488
311.125291
343.816893
362.860010
340.349346
298.527207
291.379489
273.384348
253.330521
277.889999
259.656293
254.946043
274.761908
256.801470
263.078464
278.755302
255.283668
280.374501
284.487328
254.791589
289.836604
285.213495
296.995362
344.477616
352.313106
414.001428
451.378430
510.844489
549.373044
495.335862
440.571446
428.021928
395.570625
375.379775
378.782313
366.412243
374.984726
386.133228
392.084369
400.600898
399.242980
379.166608
348.707170
353.778037
351.143765
323.739567
310.094708
311.843796
322.217769
297.300522
277.761057
260.146238
249.436886
189.388974
188.841551
190.128979
196.030022
208.529559
206.617267
228.321600
257.488308
280.627501
310.900381
343.569339
362.590609
340.043545
298.198021
291.038203
273.022466
252.965032
277.500606
259.267550
254.565861
274.373639
256.423251
262.702789
278.380347
254.931419
280.022439
284.147298
254.478973
289.531027
284.914832
296.686267
344.145890
351.971398
413.647501
451.010873
510.472856
548.982677
494.939520
440.169873
427.609962
395.156877
374.971366
378.375147
366.009155
374.581883
385.751484
391.730777
400.255293
398.921244
378.876230
348.419560
353.528077
350.919831
323.532330
309.913218
311.672767
322.064660
297.171366
277.656664
260.054863
249.349181
189.290900
188.733158
190.016167
195.907160
208.394830
206.477655
228.161975
257.304572
280.433402
310.676573
343.323062
362.323271
339.739394
297.869857
290.698796
272.662554
252.601573
277.113267
258.880913
254.187714
273.987353
256.046974
262.329015
278.007204
254.580681
279.672037
283.808782
254.167716
289.226711
284.617342
296.378363
343.815458
351.631068
413.294979
450.644837
510.102824
548.593998
494.544975
439.770196
427.199965
394.745212
374.565184
377.970104
365.608358
374.181458
385.371941
391.379261
399.912080
398.601405
378.587533
348.133547
353.279509
350.697041
323.326189
309.732559
311.502456
321.912162
297.042737
277.544297
259.963913
249.261975
189.193400
188.625328
189.903876
195.784847
208.260647
206.338667
228.003092
257.121727
280.240188
310.453864
343.078052
362.057251
339.436891
297.543532
290.361267
272.304601
252.240132
276.727975
258.496376
253.811590
273.603042
255.672632
261.957136
277.636555
254.231634
279.323289
283.471779
253.857816
288.923659
284.321022
296.071649
343.486319
351.292114
412.943862
450.280325
509.736688
548.207007
494.152222
439.372409
426.791928
394.335622
374.161220
377.567174
365.209838
373.783431
384.994586
391.029805
399.570229
398.283430
378.300455
347.849126
353.032326
350.475380
323.121136
309.552729
311.332862
321.760277
296.914617
277.432430
259.873387
249.175262
189.096469
188.518060
189.792106
195.663082
208.127010
206.200275
227.844947
256.939767
280.047855
310.232247
342.834302
361.792547
339.136028
297.219040
290.025603
271.948592
251.880701
276.344720
258.113926
253.437480
273.220703
255.300219
261.587145
277.267023
253.884275
278.976195
283.136287
253.549274
288.621870
284.025876
295.766129
343.158477
350.954537
412.594152
449.917336
509.369852
547.821701
493.761259
438.976508
426.385848
393.928097
373.759422
377.166345
364.813582
373.387780
384.619406
390.682395
399.230237
397.967285
378.014947
347.566291
352.786519
350.254839
322.917165
309.373728
311.163985
321.609006
296.787004
277.321062
259.783286
249.089036
189.000105
188.411351
189.680859
195.541866
207.993918
206.062471
227.687539
256.758687
279.856399
310.011718
342.591803
361.529155
338.836790
296.896982
289.691786
271.594516
251.523268
275.963495
257.733555
253.065376
272.840330
254.929727
261.219036
276.899287
253.538598
278.630749
282.802305
253.242088
288.321343
283.731903
295.461804
342.831930
350.618338
412.245851
449.555870
509.004616
547.438079
493.372083
438.582489
425.981719
393.522630
373.359768
376.767609
364.419578
372.994485
384.246385
390.337014
398.892090
397.654063
377.730986
347.285036
352.542080
350.035412
322.714268
309.195558
310.995824
321.458348
296.659898
277.210194
259.693607
249.003295
188.904308
188.305201
189.570134
195.421196
207.861366
205.925252
227.530867
256.578482
279.665817
309.792271
342.350550
361.267073
338.539160
296.576130
289.360011
271.242361
251.167822
275.584292
257.355254
252.695269
272.461914
254.561150
260.852803
276.533345
253.194600
278.286949
282.469831
252.936258
288.022079
283.439103
295.158674
342.506683
350.283517
411.900205
449.195927
508.640976
547.056140
492.984691
438.190345
425.579535
393.119209
372.962246
376.370952
364.027812
372.603527
383.875510
389.993648
398.555776
397.341506
377.448562
347.005354
352.298998
349.817095
322.512443
309.018220
310.828379
321.308305
296.533301
277.099827
259.604352
248.918035
188.809072
188.199608
189.459932
195.301074
207.729351
205.788617
227.374931
256.399148
279.476104
309.573901
342.110536
361.006298
338.243120
296.257086
289.029838
270.892114
250.814351
275.207102
256.979017
252.327150
272.085452
254.194482
260.488441
276.169191
252.852280
277.944789
282.138865
252.631783
287.724077
283.147477
294.856742
342.182735
349.950074
411.554728
448.837509
508.278932
546.675883
492.598357
437.800073
425.179291
392.717828
372.566846
375.976367
363.638273
372.214885
383.506765
389.652284
398.221285
397.030715
377.167662
346.727236
352.057266
349.599882
322.311687
308.841716
310.661648
321.158876
296.407212
276.989959
259.515519
248.833254
188.714397
188.094569
189.350252
195.181496
207.597871
205.652566
227.219729
256.220682
279.287256
309.356602
341.871756
360.746826
337.948655
295.939842
288.701464
270.543766
250.462846
274.831919
256.604839
251.961010
271.710935
253.829715
260.125942
275.806823
252.511631
277.604269
281.809403
252.328663
287.427337
282.857025
294.556008
341.860087
349.618010
411.210662
448.480613
507.918484
546.297307
492.214525
437.411668
424.780981
392.318475
372.173558
375.583843
363.250950
371.828539
383.140136
389.312906
397.888606
396.721675
376.888276
346.450670
351.816876
349.383769
322.111998
308.666056
310.495630
321.010063
296.281636
276.880593
259.427112
248.748949
188.620278
187.990084
189.241095
195.062462
207.466926
205.517096
227.065262
256.043077
279.099272
309.140371
341.634202
360.488654
337.655752
295.624389
288.374878
270.197307
250.113298
274.458731
256.232704
251.596840
271.338356
253.466842
259.765299
275.446233
252.172649
277.265385
281.481444
252.026897
287.131858
282.567748
294.256474
341.538739
349.287324
410.868004
448.125239
507.559630
545.920410
491.832466
437.025124
424.384600
391.921145
371.782374
375.193369
362.865831
371.444470
382.775609
388.975502
397.557725
396.414373
376.610395
346.175647
351.577817
349.168755
321.913378
308.491246
310.330325
320.861864
296.156572
276.771731
259.339132
248.665118
188.526714
187.886151
189.132458
194.943971
207.336518
205.382209
226.911532
255.866332
278.912148
308.925202
341.397870
360.231778
337.364399
295.310724
288.050064
269.852733
249.765694
274.087533
255.862598
251.234631
270.968077
253.105856
259.406509
275.087251
251.835331
276.928132
281.154986
251.726483
286.837639
282.279646
293.958139
341.218695
348.958017
410.526744
447.771389
507.202369
545.545188
491.452178
436.640436
423.990142
391.525827
371.393284
374.804936
362.482905
371.062661
382.413171
388.640056
397.228634
396.108807
376.334012
345.902154
351.340081
348.954835
321.715821
308.317280
310.165731
320.714282
296.032022
276.663380
259.251585
248.581757
188.433700
187.782769
189.024339
194.826020
207.206650
205.247902
226.758540
255.690439
278.725882
308.711090
341.162758
359.976195
337.074587
294.998837
287.727013
269.510046
249.420025
273.718316
255.494513
250.874375
270.599353
252.746751
259.049562
274.730208
251.499674
276.592506
280.830027
251.427423
286.544681
281.992719
293.661004
340.899954
348.630089
410.186892
447.419061
506.846700
545.171643
491.073656
436.257601
423.597601
391.132516
371.006284
374.418535
362.102162
370.683091
382.052808
388.306558
396.901320
395.805013
376.059123
345.630185
351.103659
348.742006
321.519317
308.144154
310.001845
320.567316
295.907985
276.555571
259.164478
248.498864
188.341234
187.679935
188.916743
194.708609
207.077333
205.114176
226.606288
255.515398
278.540469
308.498031
340.928859
359.721902
336.786304
294.688722
287.405714
269.169223
249.076281
273.351071
255.128437
250.516062
270.232546
252.389520
258.694453
274.374929
251.165578
276.258504
280.506566
251.129714
286.252982
281.706968
293.365071
340.582516
348.303539
409.848454
447.068254
506.492620
544.799769
490.696897
435.876613
423.206972
390.741203
370.621366
374.034157
361.723593
370.305745
381.694504
387.975000
396.575774
395.502939
375.785720
345.359735
350.868543
348.530265
321.323854
307.971869
309.838666
320.420965
295.784462
276.448323
259.077843
248.416436
188.249312
187.577649
188.809669
194.591737
206.948588
204.981030
226.454782
255.341202
278.355909
308.286020
340.696167
359.468893
336.499541
294.380373
287.086156
268.830249
248.734452
272.985789
254.764363
250.159684
269.867650
252.034155
258.340840
274.021413
250.833224
275.926123
280.184598
250.833355
285.962812
281.422393
293.070340
340.266383
347.978367
409.511431
446.718967
506.140130
544.429568
490.321897
435.497467
422.818249
390.351881
370.238526
373.651790
361.347187
369.930605
381.338248
387.645452
396.251985
395.202548
375.513785
345.090806
350.634723
348.319607
321.129423
307.800424
309.676193
320.275231
295.661452
276.341602
258.991650
248.334472
188.157932
187.475909
188.703119
194.475400
206.820453
204.848463
226.304028
255.167849
278.172198
308.075054
340.464675
359.217166
336.214290
294.073781
286.768330
268.493118
248.394527
272.622464
254.402278
249.805231
269.504657
251.680651
257.989385
273.669654
250.502517
275.595357
279.864121
250.538343
285.673634
281.138995
292.776812
339.951554
347.654574
409.175822
446.371199
505.789226
544.061036
489.948653
435.120677
422.431427
389.964543
369.857756
373.271361
360.972936
369.557656
380.984024
387.318004
395.929944
394.903920
375.243304
344.823420
350.402192
348.110027
320.936016
307.629821
309.514421
320.130115
295.538956
276.235388
258.905879
248.252968
188.067091
187.374713
188.597090
194.359598
206.692923
204.716474
226.154040
254.995334
277.989335
307.865125
340.234377
358.966717
335.930541
293.768938
286.452225
268.157819
248.056497
272.261086
254.042176
249.452695
269.143559
251.328999
257.639749
273.319645
250.173452
275.266204
279.545133
250.244676
285.385714
280.856772
292.484489
339.638031
347.332159
408.841629
446.024951
505.439908
543.694170
489.577160
434.745202
422.046500
389.579182
369.479045
372.892993
360.600830
369.186884
380.631821
386.992478
395.609638
394.606851
374.974266
344.557413
350.170942
347.901521
320.743633
307.460056
309.353351
319.985616
295.416973
276.129675
258.820528
248.171922
187.976786
187.274060
188.491583
194.244330
206.565965
204.585063
226.004848
254.823653
277.807317
307.656236
340.005269
358.717560
335.648284
293.465836
286.137833
267.824344
247.720351
271.901646
253.684046
249.102068
268.784351
250.981102
257.291925
272.971384
249.846025
274.938657
279.227632
249.952352
285.099048
280.575726
292.193370
339.325813
347.011122
408.508851
445.680221
505.092173
543.328968
489.207416
434.371556
421.663462
389.195791
369.102373
372.516610
360.230863
368.818274
380.281622
386.668834
395.291060
394.311424
374.706661
344.293158
349.940964
347.694080
320.552282
307.291127
309.192981
319.841735
295.295502
276.024461
258.735592
248.091331
187.887013
187.173949
188.386596
194.129593
206.439558
204.454230
225.856456
254.652803
277.626144
307.448381
339.777345
358.469739
335.368327
293.164467
285.825144
267.492723
247.386081
271.544138
253.327878
248.753340
268.427024
250.633126
256.945907
272.624863
249.520232
274.612715
278.911613
249.661367
284.813638
280.295857
291.903456
339.014902
346.691462
408.177488
445.337007
504.746019
542.965428
488.839415
433.999733
421.282307
388.814360
368.727727
372.142204
359.863023
368.451816
379.933418
386.347061
394.974199
394.017631
374.440483
344.030408
349.712251
347.487698
320.361990
307.123030
309.033307
319.698474
295.174543
275.919746
258.651071
248.011194
187.797770
187.074377
188.282131
194.015387
206.313693
204.323974
225.708821
254.482780
277.445812
307.241554
339.550599
358.223185
335.089033
292.864821
285.514150
267.162870
247.053676
271.188551
252.973665
248.406504
268.071570
250.286981
256.601687
272.280080
249.196066
274.288372
278.597075
249.371721
284.529480
280.017163
291.614748
338.705295
346.373178
407.847540
444.995310
504.401445
542.603548
488.473155
433.629730
420.903030
388.434883
368.355092
371.769765
359.497302
368.087506
379.587196
386.027146
394.659045
393.725461
374.175724
343.769134
349.484794
347.282369
320.172738
306.955760
308.874329
319.555832
295.054096
275.815528
258.566964
247.931506
187.709053
186.975342
188.178186
193.901711
206.188365
204.194294
225.561912
254.313579
277.266323
307.035753
339.325027
357.977891
334.811205
292.566894
285.204840
266.834816
246.723127
270.834879
252.621395
248.061548
267.717679
249.942661
256.259260
271.937026
248.873524
273.965625
278.284015
249.083410
284.246575
279.739646
291.327245
338.396995
346.056103
407.519006
444.655125
504.058448
542.243325
488.108631
433.261540
420.525625
388.057353
367.984456
371.399287
359.133688
367.725345
379.242945
385.709083
394.345590
393.434905
373.912378
343.509320
349.258586
347.078085
319.984484
306.789309
308.716047
319.413811
294.934161
275.711807
258.483270
247.852265
187.620859
186.876843
188.074759
193.788561
206.063570
204.065190
225.415714
254.145833
277.087690
306.830973
339.100622
357.733851
334.534832
292.270678
284.897208
266.508553
246.394424
270.483112
252.271060
247.718466
267.365912
249.600157
255.918617
271.595698
248.552602
273.644468
277.972430
248.796433
283.964921
279.463306
291.040948
338.090001
345.740571
407.191886
444.316454
503.717027
541.884755
487.745839
432.895160
420.150087
387.681760
367.615809
371.030757
358.772169
367.365342
378.900654
385.392865
394.033826
393.145954
373.650442
343.250956
349.033618
346.874842
319.797209
306.623671
308.558457
319.272407
294.814735
275.608583
258.399926
247.773465
187.533187
186.778878
187.971852
193.675940
205.939308
203.936661
225.270219
253.978266
276.909945
306.627212
338.877376
357.491061
334.259903
291.976169
284.591244
266.184072
246.067557
270.133243
251.922652
247.377249
267.016037
249.259464
255.579753
271.256090
248.233293
273.324898
277.662318
248.510787
283.684517
279.188140
290.755858
337.784311
345.426413
406.866180
443.979293
503.377178
541.527837
487.384775
432.530583
419.776408
387.308099
367.249144
370.664170
358.412732
367.007479
378.560314
385.078502
393.723750
392.858597
373.389912
342.994036
348.809883
346.672632
319.610902
306.458840
308.401559
319.131622
294.695820
275.505854
258.317050
247.695105
199.581091
201.402016
203.829597
212.360284
229.536930
230.560822
255.426043
288.944151
313.610155
347.487193
381.358745
401.965162
381.564289
343.339708
336.655535
318.247790
297.574503
323.208522
302.931148
296.278270
314.971812
294.899621
299.967036
314.662223
288.717710
313.590489
316.174037
284.024642
318.251483
312.769178
325.599876
374.775463
383.337866
444.877490
483.534826
542.985642
582.599040
530.458697
478.577596
468.549330
439.265972
420.435417
425.777868
420.035343
427.563714
438.573907
446.518349
451.539313
449.391778
425.959389
393.276346
399.303327
390.508438
358.316533
342.052551
339.435908
343.022108
314.921089
291.247160
269.752487
257.138057
199.458293
201.268372
203.691980
212.180201
229.283083
230.287574
255.113193
288.551896
313.215710
347.051364
380.884131
401.460837
381.044912
342.795897
335.997818
317.654083
296.984180
322.542037
302.333077
295.721556
314.439644
294.413424
299.498835
314.211598
288.309661
313.182574
315.783747
283.654252
317.890685
312.413804
325.228873
374.388457
382.942615
444.485629
483.129096
542.567902
582.160426
529.979950
478.040585
467.981701
438.605910
419.754365
425.064603
419.152520
426.704529
437.792824
445.491464
450.741428
448.578217
425.138560
392.529830
398.605488
389.823901
357.724023
341.449688
338.969275
342.626720
314.646412
291.044909
269.616570
257.019703
199.335623
201.136732
203.555760
212.000553
229.041156
230.019617
254.794076
288.166342
312.839459
346.610798
380.416767
400.972744
380.523215
342.239013
335.382560
317.062450
296.398723
321.910139
301.743035
295.165652
313.920093
293.931291
299.032990
313.763900
287.903253
312.774973
315.394432
283.287339
317.532042
312.061219
324.861700
374.004805
382.549768
444.095831
482.723381
542.150504
581.721915
529.508783
477.512699
467.418558
437.966921
419.089859
424.359802
418.292784
425.874129
436.995998
444.546902
449.977270
447.739855
424.375729
391.835601
397.891256
389.173017
357.199423
340.920228
338.525678
342.281154
314.383195
290.844999
269.483973
256.901305
199.213086
201.005624
203.420297
211.822247
228.804452
229.755102
254.475817
287.787161
312.471443
346.174334
379.956616
400.492812
380.005088
341.682120
334.781325
316.477107
295.820158
321.290125
301.160039
294.614793
313.404570
293.452135
298.569423
313.317664
287.497797
312.368235
315.006250
282.922536
317.175974
311.711075
324.497350
373.623616
382.158728
443.707520
482.318179
541.733854
581.283784
529.040299
476.990630
466.862068
437.339494
418.437039
423.667466
417.450814
425.070617
436.207548
443.651927
449.239124
446.913222
423.650447
391.172531
397.190056
388.553016
356.693834
340.415537
338.100593
341.952504
314.123618
290.649546
269.353146
256.783185
199.090749
200.874963
203.285195
211.645527
228.571150
229.493305
254.160264
287.413441
312.108099
345.743369
379.501634
400.017729
379.491551
341.126913
334.188533
315.898127
295.247185
320.678038
300.583529
294.069318
312.892205
292.975514
298.107950
312.872759
287.093137
311.962387
314.619131
282.559382
316.821793
311.363046
324.135191
373.244314
381.769333
443.320454
481.913663
541.317975
580.846303
528.573808
476.473659
466.311501
436.721652
417.794416
422.986471
416.625333
424.286297
435.431043
442.789499
448.518390
446.103839
422.950165
390.529549
396.504545
387.955931
356.201605
339.929959
337.688698
341.634771
313.867938
290.458094
269.223714
256.665353
198.968654
200.744667
203.150264
211.470389
228.340560
229.234035
253.847421
287.044732
311.748506
345.317568
379.051041
399.546612
378.982489
340.573917
333.602532
315.325146
294.678806
320.072622
300.013095
293.528889
312.382775
292.501248
297.648447
312.429149
286.689270
311.557441
314.232999
282.197692
316.469179
311.016859
323.774915
372.866577
381.381430
442.934480
481.509916
540.902887
580.409620
528.109098
475.961231
465.766192
436.112337
417.162349
422.315879
415.815645
423.517478
434.666717
441.951572
447.811186
445.312416
422.270331
389.902050
395.834197
387.377080
355.720430
339.459584
337.287223
341.325490
313.616027
290.270177
269.095491
256.547803
198.846820
200.614703
203.015410
211.296741
228.112347
228.977194
253.537329
286.680719
311.392352
344.896483
378.604515
399.079145
378.477619
340.023427
333.022649
314.757569
294.115260
319.473279
299.448388
292.993249
311.876192
292.029229
297.190823
311.986829
286.286194
311.153402
313.847807
281.837363
316.117948
310.672319
323.416348
372.490244
380.994906
442.549506
481.106976
540.488630
579.973809
527.646067
475.452909
465.225647
435.510725
416.539173
421.654900
415.020910
422.762089
433.914266
441.133979
447.115225
444.538428
421.606043
389.287508
395.178135
386.814105
355.248966
339.002290
336.894605
341.023219
313.367711
290.085376
268.968323
256.430535
198.725260
200.485007
202.880595
211.124483
227.886346
228.722711
253.229996
286.321246
311.039470
344.479775
378.161919
398.615190
377.976753
339.475671
332.448504
314.194968
293.556060
318.879663
298.889081
292.462202
311.372399
291.559371
296.735019
311.545806
285.883931
310.750280
313.463533
281.478326
315.767984
310.329295
323.059378
372.115204
380.609679
442.165478
480.704854
540.075223
579.538914
527.184656
474.948348
464.689485
434.916136
415.923809
421.002736
414.240268
422.018865
433.173273
440.334278
446.429174
443.780934
420.955406
388.684324
394.535551
386.265244
354.786309
338.556057
336.509858
340.727043
313.122822
289.903324
268.842062
256.313549
198.603982
200.355460
202.745808
210.953533
227.662473
228.470515
252.925424
285.966216
310.689743
344.067208
377.723183
398.154681
377.479791
338.930842
331.879841
313.637071
293.001091
318.291550
298.334879
291.935553
310.871348
291.091611
296.280987
311.106091
285.482504
310.348082
313.080169
281.120529
315.419215
309.987693
322.703932
371.741449
380.225694
441.782361
480.303555
539.662681
579.104959
526.724825
474.447275
464.157400
434.328005
415.315653
420.358781
413.473146
421.286931
432.443152
439.550798
445.752191
443.038989
420.317124
388.091409
393.905721
385.728742
354.331817
338.119730
336.132291
340.436313
312.881204
289.723699
268.716606
256.196850
198.482992
200.226015
202.611034
210.783820
227.440642
228.220543
252.623624
285.615485
310.343088
343.658614
377.288258
397.697595
376.986782
338.389104
331.316462
313.083674
292.450276
317.708800
297.785607
291.413092
310.372992
290.625891
295.828688
310.667694
285.081929
309.946815
312.697711
280.763935
315.071588
309.647442
322.349950
371.368883
379.842912
441.400134
479.903078
539.249900
578.671961
526.266544
473.949471
463.629142
433.745860
414.714279
419.722560
412.719160
420.565546
431.723394
438.782283
445.083692
442.311773
419.690259
387.507966
393.288049
385.203457
353.884923
337.692504
335.761387
340.150521
312.642718
289.546247
268.591861
256.080443
198.362293
200.096651
202.476270
210.615280
227.220757
227.972733
252.324740
285.268889
309.999488
343.253873
376.857104
397.243950
376.497796
337.850590
330.758205
312.534612
291.903553
317.131488
297.240954
290.894622
309.877290
290.162166
295.378095
310.230626
284.682220
309.546490
312.316156
280.408513
314.725069
309.308487
321.997387
370.997424
379.461306
441.018781
479.503423
538.839133
578.239929
525.809788
473.454769
463.104501
433.169303
414.119259
419.093665
411.977593
419.854061
431.013655
438.027736
444.423253
441.598561
419.074036
386.933365
392.682036
384.688528
353.445074
337.273738
335.396773
339.869277
312.407245
289.370789
268.467697
255.964335
198.241891
199.967361
202.341524
210.447852
227.002747
227.727031
252.028899
284.926215
309.658925
342.852914
376.429684
396.793841
376.012589
337.315400
330.204931
311.989750
291.360866
316.559917
296.700670
290.379982
309.384193
289.700400
294.929181
309.794891
284.283390
309.147115
311.935512
280.054234
314.379631
308.970784
321.646206
370.627066
379.080853
440.638292
479.104588
538.429273
577.808874
525.354542
472.963047
462.583296
432.597995
413.530089
418.471737
411.247220
419.152056
430.313757
437.286326
443.770554
440.898589
418.467945
386.367057
392.087238
384.183265
353.011821
336.862895
335.038238
339.592259
312.174669
289.197136
268.344035
255.848532
198.121786
199.838138
202.206804
210.281484
226.786558
227.483384
251.735915
284.587377
309.321362
342.456011
376.005983
396.347307
375.531027
336.783613
329.656515
311.448976
290.822164
315.993505
296.164572
289.869034
308.893658
289.240561
294.481928
309.360495
283.885463
308.748700
311.555776
279.701077
314.035255
308.634298
321.296373
370.257794
378.701535
440.258659
478.706571
538.020326
577.378801
524.900790
472.474215
462.065374
432.031646
412.946334
417.856450
410.527267
418.459166
429.623238
436.557339
443.125298
440.211056
417.871301
385.808548
391.503138
383.687092
352.584807
336.459515
334.685563
339.319195
311.944861
289.025117
268.220824
255.733040
198.001974
199.708984
202.072125
210.116130
226.572145
227.241747
251.445754
284.252559
308.986781
342.062917
375.585928
395.904382
375.053042
336.255286
329.112847
310.912190
290.287406
315.432093
295.632500
289.361654
308.405640
288.782623
294.036317
308.927445
283.488456
308.351254
311.177019
279.349022
313.691925
308.298995
320.947854
369.889596
378.323338
439.879874
478.310169
537.612303
576.949716
524.448520
471.988175
461.550598
431.470004
412.367669
417.247505
409.817194
417.774685
428.941439
435.840145
442.487164
439.535293
417.283356
385.257411
390.929133
383.199468
352.163851
336.063214
334.338331
339.049846
311.717682
288.854610
268.098055
255.617869
197.882456
199.579936
201.937509
209.951748
226.359464
227.002065
251.158355
283.921419
308.655056
341.673332
375.160779
395.465097
374.578535
335.730478
328.573835
310.379306
289.756560
314.875492
295.104317
288.857723
307.920092
288.326563
293.592336
308.495747
283.092378
307.954786
310.799112
278.998052
313.349628
307.964848
320.600624
369.522461
377.946246
439.501931
477.913720
537.205212
576.521626
523.997720
471.504789
461.038849
430.912848
411.793841
416.644631
409.116532
417.098101
428.267916
435.134179
441.855863
438.870794
416.703647
384.715631
390.364714
382.719933
351.749037
335.673644
333.996252
338.784000
311.493004
288.685504
267.975802
255.503024
197.763240
199.451079
201.802981
209.788301
226.148473
226.764275
250.873674
283.593726
308.326016
341.287133
374.747837
395.029186
374.107399
335.209269
328.039409
309.850250
289.229781
314.323500
294.579903
288.357134
307.436975
287.872360
293.149972
308.065416
282.697237
307.559305
310.422123
278.648152
313.008356
307.631832
320.254655
369.156381
377.570247
439.124827
477.518094
536.799063
576.094536
523.548381
471.023923
460.530024
430.359983
411.224647
416.047582
408.424921
416.429062
427.602314
434.438946
441.231150
438.216985
416.131781
384.178124
389.809495
382.248219
351.339686
335.290446
333.659165
338.521466
311.270720
288.517687
267.853985
255.388513
197.644326
199.322308
201.668546
209.625756
225.939130
226.528320
250.591703
283.269371
307.999544
340.904200
374.338360
394.596591
373.639541
334.691808
327.509520
309.324952
288.707164
313.776019
294.059142
287.859781
306.956245
287.419993
292.709212
307.636445
282.303043
307.164819
310.046057
278.299308
312.668096
307.299925
319.909930
368.791347
377.195330
438.748557
477.123306
536.393867
575.668453
523.100494
470.545471
460.024028
429.811238
410.659913
415.456132
407.742120
415.767278
426.944331
433.754007
440.612826
437.573310
415.567424
383.647096
389.263212
381.783851
350.935493
334.913254
333.326778
338.262071
311.050735
288.351057
267.732548
255.274341
197.525713
199.193631
201.534202
209.464081
225.731393
226.294151
250.312492
282.948258
307.675566
340.524419
373.932292
394.167298
373.174887
334.178182
326.984124
308.803347
288.188348
313.232953
293.541915
287.365570
306.477864
286.969441
292.270048
307.208822
281.909806
306.771338
309.670917
277.951510
312.328844
306.969110
319.566430
368.427353
376.821484
438.373119
476.729361
535.989631
575.243380
522.654053
470.069355
459.520777
429.266459
410.099490
414.870075
407.067732
415.112490
426.293713
433.078975
440.000729
436.939318
415.010283
383.122360
388.725585
381.326467
350.536252
334.541728
332.998834
338.005659
310.832963
288.185522
267.611466
255.160515
197.407401
199.065058
201.399962
209.303247
225.524180
226.061726
250.036186
282.630307
307.354013
340.147699
373.529568
393.741257
372.713383
333.668256
326.463167
308.285373
287.673243
312.694207
293.028110
286.874417
306.001794
286.520683
291.832471
306.782543
281.517534
306.378868
309.296708
277.604748
311.990591
306.639371
319.224131
368.064393
376.448700
437.998509
476.336270
535.586362
574.819667
522.209049
469.595504
459.020196
428.725508
409.543244
414.289228
406.401419
414.464466
425.650232
432.413643
439.394753
436.314605
414.460109
382.603647
388.196151
380.875738
350.141777
334.175565
332.675153
337.752433
310.617312
288.021002
267.490703
255.047039
197.289388
198.936602
201.265837
209.143227
225.319575
225.831006
249.762879
282.315467
307.034832
339.773965
373.130122
393.318276
372.255022
333.161930
325.946688
307.770990
287.161796
312.159666
292.517624
286.386246
305.528003
286.073697
291.396474
306.357607
281.126236
305.987419
308.923433
277.259015
311.653332
306.310694
318.883006
367.702461
376.076971
437.624724
475.944039
535.184065
574.396631
521.769227
469.123863
458.522217
428.188265
408.991057
413.713428
405.742791
413.822999
425.013684
431.757603
438.794802
435.698812
413.916680
382.090667
387.674481
380.431369
349.751900
333.814502
332.355572
337.501572
310.403702
287.857433
267.370248
254.933918
197.171675
198.808278
201.131845
208.983999
225.116460
225.601954
249.492598
282.003680
306.717996
339.403154
372.733884
392.898288
371.799875
332.659185
325.434463
307.260233
286.653955
311.629175
292.010367
285.900987
305.056457
285.628464
290.962050
305.934010
280.735921
305.596998
308.551096
276.914300
311.317061
305.983061
318.543031
367.341552
375.706290
437.251765
475.552678
534.782748
573.974622
521.327055
468.654384
458.026778
427.654619
408.442821
413.142538
405.091526
413.187899
424.383879
431.110232
438.200671
435.091637
413.379758
381.583195
387.160238
379.993105
349.366470
333.458304
332.039903
337.253305
310.192052
287.694767
267.250102
254.821156
197.054260
198.680105
200.998002
208.825540
224.914799
225.374542
249.225038
281.694830
306.403553
339.035214
372.340790
392.481270
371.347897
332.159992
324.926299
306.753082
286.149666
311.102587
291.506256
285.418576
304.587126
285.184964
290.529191
305.511753
280.346598
305.207611
308.179700
276.570594
310.981773
305.656453
318.204188
366.981661
375.336653
436.879628
475.162192
534.382414
573.553645
520.886302
468.187020
457.533823
427.124473
407.898439
412.576479
404.447351
412.558995
423.760643
430.471155
437.612155
434.492879
412.849076
381.081053
386.653121
379.560903
348.985345
333.106766
331.727961
337.007525
309.982289
287.532963
267.130273
254.708757
196.937146
198.552104
200.864319
208.667827
224.714570
225.148743
248.959953
281.388802
306.091490
338.670093
371.950755
392.067208
370.898906
331.664302
324.422095
306.249426
285.648856
310.579776
291.005219
284.938955
304.119982
284.743182
290.097892
305.090833
279.958275
304.819268
307.809520
276.227895
310.647464
305.330862
317.866461
366.622782
374.968054
436.508316
474.773044
533.983071
573.133707
520.446962
467.721733
457.043300
426.597750
407.357823
412.015263
403.810020
411.936131
423.143812
429.840042
437.029132
433.902406
412.324382
380.584092
386.152849
379.134537
348.608394
332.759702
331.419591
336.764133
309.774339
287.371996
267.010778
254.596726
196.820330
198.424300
200.730802
208.510836
224.515749
224.924524
248.697226
281.085503
305.781641
338.307744
371.563702
391.656038
370.452799
331.172069
323.921787
305.749368
285.151448
310.060639
290.507186
284.462018
303.654997
284.303104
289.668146
304.671249
279.570960
304.431975
307.440016
275.886193
310.314130
305.006273
317.529834
366.264913
374.600489
436.137825
474.384331
533.584721
572.714812
520.009030
467.258486
456.555162
426.074463
406.820893
411.458540
403.179307
411.319151
422.533228
429.216600
436.451525
433.319883
411.805454
380.092219
385.659164
378.713614
348.235491
332.416940
331.114669
336.523043
309.568135
287.211850
266.891629
254.485067
196.703815
198.296705
200.597459
208.354545
224.318284
224.701846
248.436780
280.784854
305.473897
337.948116
371.179560
391.247683
370.009515
330.683253
323.425364
305.252794
284.657350
309.545084
290.012096
283.987818
303.192145
283.864716
289.239949
304.252595
279.184662
304.045738
307.071467
275.545481
309.981766
304.682677
317.194294
365.908050
374.233951
435.768157
473.996513
533.187371
572.296966
519.572502
466.797243
456.069366
425.554859
406.287577
410.906125
402.555003
410.707900
421.928732
428.600560
435.879219
432.744839
411.292099
379.605279
385.171832
378.297931
347.866514
332.078312
330.813093
336.284169
309.363617
287.052517
266.772831
254.373787
196.587603
198.169325
200.464301
208.198928
224.122139
224.480679
248.178552
280.486776
305.168196
337.591154
370.798268
390.842092
369.569002
330.197813
322.932831
304.759444
284.166478
309.033026
289.519893
283.516257
302.731400
283.428006
288.813296
303.835696
278.799388
303.660565
306.703876
275.205757
309.650370
304.360062
316.859825
365.552187
373.868435
435.399312
473.609596
532.791025
571.880174
519.137375
466.337975
455.585871
425.038672
405.757803
410.357895
401.936912
410.102220
421.330159
427.991675
435.312033
432.176912
410.784138
379.123028
384.690640
377.887494
347.501343
331.743655
330.514774
336.047414
309.160727
286.893993
266.654389
254.262912
196.471695
198.042169
200.331343
208.043963
223.927284
224.260993
247.922489
280.191197
304.864487
337.236794
370.419793
390.439226
369.131211
329.715711
322.444059
304.269215
283.678752
308.524386
289.030528
283.047290
302.272738
282.992966
288.388183
303.420131
278.415149
303.276461
306.337248
274.867013
309.319938
304.038423
316.526416
365.197323
373.503936
435.031290
473.223584
532.395688
571.464444
518.703644
465.880652
455.104641
424.525919
405.231507
409.813738
401.324852
409.501954
420.737343
427.389713
434.749809
431.615826
410.281408
378.645303
384.215377
377.482215
347.139864
331.412820
330.219625
335.812691
308.959419
286.736417
266.536308
254.152497
196.356093
197.915247
200.198595
207.889631
223.733692
224.042764
247.668539
279.898048
304.562727
