199.119786
198.977275
198.835959
198.695173
198.554797
198.414800
198.275178
198.135934
197.997076
197.858614
197.720560
197.582924
197.445715
197.308939
197.172605
197.036719
196.901285
196.766311
196.631803
196.497767
196.364213
196.231147
196.098577
195.966505
195.832677
195.701658
195.571162
195.441194
195.311761
195.182866
195.054514
194.926712
194.799465
194.672780
194.546663
194.421119
194.296151
194.171763
194.047956
193.924733
193.802098
193.680056
193.558612
193.437773
193.317538
193.197905
193.078870
192.960433
192.842590
192.725343
192.608690
192.492633
192.377175
192.262339
192.148156
192.034590
191.921622
191.809249
191.697472
191.586290
191.475704
191.365715
191.256322
191.147526
191.039328
190.931727
190.824723
190.718317
190.612506
190.507292
190.402672
190.298646
190.195212
190.092369
189.990119
189.888471
189.787451
189.687049
189.586846
189.487621
189.388974
189.290900
189.193400
189.096469
189.000105
188.904308
188.809072
188.714397
188.620278
188.526714
188.433700
188.341234
188.249312
188.157932
188.067091
187.976786
187.887013
187.797770
187.709053
187.620859
187.533187
199.581091
199.458293
199.335623
199.213086
199.090749
198.968654
198.846820
198.725260
198.603982
198.482992
198.362293
198.241891
198.121786
198.001974
197.882456
197.763240
197.644326
197.525713
197.407401
197.289388
197.171675
197.054260
196.937146
196.820330
196.703815
196.587603
196.471695
196.356093
196.240800
196.125818
196.011150
195.896800
195.782771
195.669065
195.555686
195.442639
195.329927
195.217554
195.105528
194.993853
194.882535
194.771579
194.660986
194.550758
194.440894
194.331395
194.222264
194.113503
194.005115
193.897105
193.789477
193.682236
193.575389
193.468945
193.362915
193.257315
193.152160
193.047464
192.943215
192.839405
192.736027
192.633077
192.530554
192.428464
192.326803
192.225556
192.124719
192.024292
191.924276
191.824670
191.725476
191.626698
191.528337
191.430397
191.332880
191.235790
191.139129
191.042898
190.946579
190.851198
190.756246
190.661723
190.567631
190.473976
190.380765
190.288009
190.195721
190.103902
190.012536
189.921612
189.831124
189.741074
189.651464
189.562293
189.473551
189.385233
189.297336
189.209858
189.122799
189.036159
188.949938
201.492077
201.368564
201.247951
201.128179
201.008891
200.889991
200.771444
200.653231
200.535328
200.417707
200.300361
200.183315
200.066560
199.950039
199.833719
199.717609
199.601694
199.485951
199.370378
199.254975
199.139744
199.024689
198.909816
198.795128
198.680634
198.566338
198.452249
198.338375
198.224723
198.111301
197.998116
197.885172
197.772475
197.660028
197.547838
197.435909
197.324244
197.212847
197.101724
196.990879
196.880316
196.770041
196.660057
196.550370
196.440983
196.331902
196.223130
196.114672
196.006531
195.898711
195.791217
195.684057
195.577256
195.470826
195.364754
195.259039
195.153677
195.048663
194.943996
194.839676
194.735703
194.632080
194.528806
194.425883
194.323314
194.221103
194.119261
194.017814
193.916755
193.816066
193.715743
193.615871
193.516504
193.417508
193.318874
193.220603
193.122696
193.025155
192.927983
192.831603
192.735178
192.639132
192.543467
192.448190
192.353305
192.258819
192.164738
192.071072
191.977828
191.885006
191.792595
191.700587
191.608974
191.517752
191.426918
191.336471
191.246409
191.156729
191.067430
190.978512
190.889973
206.383864
206.193565
205.995452
205.797787
205.603264
205.412629
205.225926
205.042932
204.863385
204.687036
204.513660
204.343052
204.175025
204.009415
203.846075
203.684879
203.525717
203.368494
203.213122
203.059522
202.907609
202.757297
202.608507
202.461170
202.315226
202.170606
202.027247
201.885095
201.744105
201.604232
201.465439
201.327688
201.190948
201.055197
200.920399
200.786525
200.653553
200.521460
200.390223
200.259820
200.130232
200.001438
199.873419
199.746158
199.619639
199.493847
199.368772
199.244406
199.120756
198.997829
198.875604
198.754044
198.633128
198.512840
198.393168
198.274101
198.155629
198.037746
197.920445
197.803721
197.687566
197.571973
197.456935
197.342446
197.228499
197.115091
197.002216
196.889870
196.778051
196.666760
196.555996
196.445750
196.336016
196.226791
196.118072
196.009857
195.902143
195.794928
195.688210
195.581987
195.476258
195.371020
195.266271
195.162010
195.058233
194.954940
194.852127
194.749792
194.647931
194.546542
194.445623
194.345172
194.245185
194.145661
194.046597
193.947991
193.849841
193.752144
193.654898
193.558101
193.461751
212.717003
212.439911
212.165986
211.898472
211.637338
211.382111
211.132322
210.887571
210.647525
210.411899
210.180448
209.952954
209.729219
209.509064
209.292324
209.078844
208.868483
208.661109
208.456599
208.254846
208.055802
207.859336
207.665322
207.473671
207.284299
207.097128
206.912086
206.729102
206.548109
206.369048
206.191857
206.016481
205.842867
205.670964
205.500723
205.332101
205.165051
204.999534
204.835510
204.672940
204.511791
204.352029
204.193624
204.036550
203.880786
203.726317
203.573129
203.421206
203.270520
203.121038
202.972719
202.825532
202.679444
202.534427
202.390473
202.247524
202.105579
201.964619
201.824627
201.685585
201.547479
201.410293
201.274014
201.138629
201.004123
200.870486
200.737705
200.605770
200.474668
200.344389
200.214923
200.086261
199.958389
199.831299
199.704978
199.579416
199.454602
199.330529
199.207188
199.084573
198.962677
198.841497
198.721028
198.601268
198.482212
198.363855
198.246195
198.129222
198.012932
197.897315
197.782367
197.668081
197.554450
197.441470
197.329137
197.217447
197.106395
196.995973
196.886168
196.776966
196.668356
219.284041
218.962828
218.650839
218.346095
218.047739
217.755130
217.467740
217.185234
216.907282
216.633571
216.363903
216.098107
215.836036
215.577550
215.322524
215.070842
214.822394
214.577078
214.334797
214.095456
213.858969
213.625255
213.394236
213.165842
212.940005
212.716663
212.495756
212.277229
212.061029
211.847109
211.635418
211.425904
211.218516
211.013204
210.809924
210.608633
210.409286
210.211845
210.016268
209.822517
209.630555
209.440345
209.251852
209.065041
208.879877
208.696331
208.514370
208.333969
208.155102
207.977744
207.801867
207.627440
207.454439
207.282847
207.112658
206.943875
206.776481
206.610437
206.445702
206.282244
206.120036
205.959053
205.799267
205.640656
205.483201
205.326884
205.171689
205.017601
204.864604
204.712686
204.561832
204.412030
204.263266
204.115527
203.968801
203.823073
203.678333
203.534569
203.391771
203.249929
203.109031
202.969058
202.829998
202.691833
202.554551
202.418140
202.282589
202.147885
202.014019
201.880981
201.748761
201.617350
201.486737
201.356914
201.227871
201.099600
200.972092
200.845337
200.719328
200.594057
200.469515
226.161332
225.794096
225.433134
225.081149
224.737725
224.401863
224.072719
223.749671
223.432260
223.120091
222.812847
222.510271
222.212138
221.918248
221.628425
221.342510
221.060358
220.781840
220.506836
220.235234
219.966931
219.701824
219.439816
219.180812
218.924728
218.671491
218.421048
218.173382
217.928429
217.686081
217.446254
217.208880
216.973897
216.741247
216.510875
216.282728
216.056756
215.832910
215.611143
215.391410
215.173671
214.957886
214.744017
214.532023
214.321864
214.113501
213.906897
213.702017
213.498831
213.297307
213.097415
212.899130
212.702423
212.507269
212.313643
212.121523
211.930884
211.741706
211.553965
211.367642
211.182717
210.999170
210.816983
210.636139
210.456619
210.278407
210.101485
209.925839
209.751450
209.578305
209.406388
209.235689
209.066211
208.897991
208.730998
208.565163
208.400455
208.236857
208.074352
207.912927
207.752569
207.593264
207.435001
207.277765
207.121543
206.966323
206.812093
206.658840
206.506555
206.355235
206.204910
206.055558
205.907139
205.759646
205.613095
205.467490
205.322792
205.178974
205.036019
204.893916
204.752657
232.117760
231.782919
231.449230
231.119053
230.792868
230.470632
230.152180
229.837348
229.525998
229.217990
228.913191
228.611486
228.312778
228.016979
227.724014
227.433812
227.146309
226.861443
226.579157
226.299397
226.022112
225.747259
225.474826
225.204808
224.937102
224.671654
224.408420
224.147360
223.888442
223.631630
223.376898
223.124222
222.873586
222.624971
222.378345
222.133666
221.890899
221.650016
221.410991
221.173801
220.938426
220.704848
220.473103
220.243100
220.014813
219.788222
219.563306
219.340047
219.118423
218.898410
218.679983
218.463119
218.247797
218.033996
217.821697
217.610884
217.401538
217.193644
216.987185
216.782144
216.578506
216.376257
216.175380
215.975861
215.777687
215.580843
215.385316
215.191041
214.998108
214.806453
214.616062
214.426924
214.239026
214.052354
213.866899
213.682649
213.499590
213.317713
213.137008
212.957464
212.779076
212.601836
212.425742
212.250790
212.076965
211.904242
211.732601
211.562025
211.392503
211.224022
211.056571
210.890138
210.724714
210.560289
210.396852
210.234394
210.072905
209.912375
209.752793
209.594149
209.436433
238.711451
238.366808
238.032411
237.700244
237.369776
237.041218
236.714802
236.390698
236.069006
235.749780
235.433047
235.118816
234.807084
234.497837
234.191057
233.886719
233.584796
233.285259
232.988077
232.693218
232.400650
232.110341
231.822261
231.536377
231.252660
230.971081
230.691612
230.414225
230.138891
229.865584
229.594274
229.324934
229.057537
228.792056
228.528473
228.266766
228.006919
227.748910
227.492713
227.238301
226.985646
226.734722
226.485506
226.237977
225.992114
225.747901
225.505317
225.264348
225.024976
224.787187
224.550970
224.316312
224.083204
223.851636
223.621593
223.393058
223.166011
222.940462
222.716336
222.493646
222.272378
222.052519
221.834055
221.616975
221.401263
221.186908
220.973893
220.762202
220.551823
220.342740
220.134942
219.928420
219.723228
219.519329
219.316665
219.115225
218.914998
218.715980
218.518168
218.321563
218.126155
217.931924
217.738850
217.546920
217.356120
217.166440
216.977871
216.790403
216.604029
216.418742
216.234536
216.051405
215.869342
215.688344
215.508403
215.329514
215.151666
214.974846
214.799044
214.624091
214.450304
246.004984
245.640500
245.271725
244.905279
244.542041
244.182248
243.825968
243.473199
243.123900
242.778013
242.435478
242.096233
241.760193
241.427259
241.097339
240.770350
240.446215
240.124862
239.806222
239.490232
239.176832
238.865967
238.557585
238.251638
237.948080
237.646867
237.347947
237.051285
236.756827
236.464527
236.174339
235.886223
235.600141
235.316062
235.033952
234.753785
234.475537
234.199199
233.924763
233.652184
233.381410
233.112403
232.845132
232.579573
232.315703
232.053502
231.792950
231.534029
231.276723
231.021023
230.766937
230.514471
230.263581
230.014234
229.766409
229.520087
229.275251
229.031886
228.789978
228.549513
228.310480
228.072869
227.836669
227.601871
227.368468
227.136447
226.905794
226.676496
226.448536
226.221898
225.996569
225.772537
225.549791
225.328325
225.108148
224.889277
224.671693
224.455371
224.240284
224.026412
223.813742
223.602261
223.391960
223.182829
222.974859
222.768042
222.562368
222.357830
222.154421
221.952137
221.750979
221.550960
221.352094
221.154360
220.957726
220.762171
220.567682
220.374248
220.181862
219.990513
219.800197
253.320188
252.935911
252.563497
252.195639
251.831606
251.470844
251.112959
250.757694
250.404892
250.054452
249.706383
249.360905
249.017748
248.676743
248.337855
248.001051
247.666299
247.333573
247.002849
246.674107
246.347330
246.022503
245.699607
245.378625
245.059542
244.742345
244.427025
244.113576
243.801995
243.492291
243.184496
242.878636
242.574663
242.272524
241.972198
241.673684
241.376925
241.081903
240.788605
240.497017
240.207127
239.918922
239.632392
239.347524
239.064308
238.782732
238.502784
238.224455
237.947734
237.672611
237.399079
237.127133
236.856778
236.588013
236.320814
236.055153
235.791004
235.528349
235.267173
235.007460
234.749198
234.492375
234.236980
233.983002
233.730430
233.479256
233.229469
232.981064
232.734037
232.488386
232.244116
232.001236
231.759744
231.519621
231.280838
231.043369
230.807197
230.572305
230.338681
230.106313
229.875191
229.645306
229.416647
229.189208
228.962978
228.737951
228.514121
228.291480
228.070018
227.849727
227.630595
227.412615
227.195778
226.980076
226.765502
226.552049
226.339710
226.128478
225.918350
225.709356
225.501489
262.638858
262.200128
261.761066
261.321966
260.885921
260.454293
260.027599
259.605957
259.189335
258.777603
258.370520
257.967876
257.569479
257.175149
256.784718
256.398041
256.014997
255.635500
255.259499
254.886904
254.517546
254.151262
253.787928
253.427449
253.069748
252.714759
252.362425
252.012699
251.665545
251.320927
250.978813
250.639167
250.301971
249.967227
249.634906
249.304924
248.977200
248.651678
248.328314
248.007069
247.687909
247.370796
247.055698
246.742583
246.431420
246.122179
245.814832
245.509351
245.205711
244.903888
244.603859
244.305611
244.009201
243.714650
243.421831
243.130706
242.841258
242.553468
242.267321
241.982802
241.699914
241.418853
241.139468
240.861653
240.585393
240.310673
240.037483
239.765810
239.495646
239.226981
238.959806
238.694115
238.429903
238.167170
237.905932
237.646222
237.387995
237.131195
236.875797
236.621786
236.369150
236.117874
235.867949
235.619359
235.372095
235.126145
234.881497
234.638142
234.396070
234.155270
233.915734
233.677452
233.440414
233.204611
232.970034
232.736675
232.504525
232.273576
232.043820
231.815248
231.587851
272.749546
272.198507
271.687723
271.183574
270.685750
270.194270
269.709071
269.230025
268.756999
268.289865
267.828404
267.372554
266.921910
266.476164
266.035122
265.598611
265.166471
264.738623
264.315180
263.895683
263.480009
263.068048
262.659710
262.254913
261.853556
261.455637
261.061067
260.669659
260.281341
259.896047
259.513714
259.134286
258.757717
258.383982
258.013077
257.644946
257.279496
256.916656
256.556379
256.198631
255.843389
255.490621
255.140273
254.792286
254.446616
254.103222
253.762070
253.423133
253.086388
252.751796
252.419329
252.088962
251.760674
251.434440
251.110242
250.788059
250.467876
250.149678
249.833454
249.519194
249.206878
248.896476
248.587950
248.281270
247.976404
247.673330
247.372023
247.072462
246.774629
246.478505
246.184072
245.891314
245.600213
245.310755
245.022926
244.736712
244.452101
244.169085
243.887657
243.607813
243.329550
243.052854
242.777702
242.504073
242.231948
241.961313
241.692156
241.424470
241.158246
240.893475
240.630144
240.368239
240.107744
239.848647
239.590934
239.334595
239.079620
238.825997
238.573717
238.322770
238.073145
283.034278
282.477253
281.928358
281.387963
280.854800
280.327983
279.807020
279.291642
278.781580
278.276555
277.776392
277.280973
276.790157
276.303780
275.821695
275.343783
274.869942
274.400081
273.934117
273.471970
273.013568
272.558840
272.107727
271.660216
271.216457
270.776218
270.339355
269.905805
269.475528
269.048710
268.625088
268.204573
267.787117
267.372676
266.961204
266.552660
266.147001
265.744186
265.344171
264.946919
264.552389
264.160543
263.771347
263.384764
263.000765
262.619315
262.240386
261.863947
261.489971
261.118429
260.749293
260.382534
260.018125
259.656038
259.296246
258.938724
258.583447
258.230394
257.879544
257.530876
257.184371
256.840012
256.497779
256.157650
255.819606
255.483623
255.149680
254.817757
254.487836
254.159901
253.833937
253.509924
253.187838
252.867657
252.549355
252.232913
251.918310
251.605528
251.294553
250.985370
250.677965
250.372324
250.068435
249.766284
249.465857
249.167141
248.870122
248.574785
248.281115
247.989101
247.698728
247.409989
247.122874
246.837380
246.553500
246.271224
245.990534
245.711412
245.433837
245.157794
244.883269
294.803003
294.143127
293.489785
292.846364
292.213765
291.591676
290.979408
290.376277
289.781689
289.195132
288.616144
288.044299
287.479211
286.920539
286.367987
285.821294
285.280228
284.744580
284.214162
283.688803
283.168349
282.652677
282.141810
281.636015
281.134799
280.637865
280.145101
279.656417
279.171735
278.690981
278.214087
277.740980
277.271593
276.805869
276.343768
275.885249
275.430243
274.978670
274.530463
274.085569
273.643939
273.205538
272.770338
272.338320
271.909434
271.483616
271.060812
270.640976
270.224062
269.810032
269.398844
268.990461
268.584849
268.181975
267.781804
267.384309
266.989459
266.597226
266.207581
265.820497
265.435947
265.053903
