187.533187
188.949938
190.889973
193.461751
196.668356
200.469515
204.752657
209.436433
214.450304
219.800197
225.501489
231.587851
238.073145
244.883269
251.870749
258.813749
265.493858
271.760946
277.539046
282.823029
287.621456
291.981803
295.952894
299.606355
302.992911
306.147336
309.084310
311.814672
314.344585
316.691855
318.870856
320.891981
322.756999
324.474253
326.059445
327.508948
328.829608
330.032459
331.126599
332.119286
333.022119
187.222602
188.704673
190.706568
193.329822
196.590775
200.428536
204.745973
209.459650
214.504476
219.880474
225.607747
231.715009
238.217870
245.039536
252.031261
258.971096
265.649355
271.909131
277.680361
282.954877
287.744712
292.098647
296.065445
299.714384
303.096312
306.245231
309.179308
311.906989
314.432898
316.774846
318.949618
320.967436
322.828327
324.542757
326.123845
327.571007
328.888320
330.088279
331.179773
332.168976
333.068218
186.926176
188.471171
190.533145
193.210940
196.514966
200.394534
204.747961
209.491000
214.563873
219.964222
225.717054
231.845098
238.365363
245.198561
252.193722
259.132622
265.807001
272.057969
277.821098
283.087229
287.870598
292.216787
296.177999
299.821757
303.199722
306.343912
309.276185
312.000003
314.520742
316.857700
319.028554
321.042537
322.899782
324.610029
326.189008
327.632459
328.947504
330.145569
331.232731
332.218638
333.114294
186.645646
188.250307
190.371849
193.102468
196.450284
200.368459
204.753607
209.528097
214.628883
220.054737
225.831050
231.979075
238.515657
245.359295
252.358049
259.295416
265.964694
272.207922
277.962317
283.221078
287.996099
292.334669
296.291547
299.930208
303.301880
306.443282
309.373209
312.091847
314.608453
316.940879
319.107409
321.118089
322.970936
324.678678
326.255151
327.694909
329.006980
330.202081
331.285800
332.268266
333.160806
186.377695
188.044192
190.220842
193.005785
196.396860
200.350006
204.768257
209.572505
214.697313
220.151094
225.948439
232.116277
238.668634
245.521398
252.520737
259.458784
266.122479
272.359042
278.104630
283.354515
288.121519
292.453219
296.405155
300.039338
303.404514
306.542449
309.470301
312.183693
314.696218
317.024156
319.188333
321.193455
323.042637
324.747901
326.321187
327.757077
329.066345
330.258733
331.338030
332.318285
333.206763
186.122698
187.848997
190.082794
192.912473
196.349515
200.337009
204.788610
209.622239
214.772411
220.250814
226.069509
232.256583
238.824379
245.685749
252.687675
259.624654
266.281218
272.510259
278.247467
283.489006
288.246356
292.573152
296.517868
300.148294
303.508760
306.643033
309.565921
312.275047
314.784524
317.107696
319.268626
321.267922
323.114613
324.816699
326.386217
327.819643
329.126988
330.314562
331.391262
332.368658
333.253259
185.879977
187.665878
189.955473
192.830630
196.309031
200.332228
204.816023
209.676893
214.853129
220.354161
226.194324
232.399784
238.982595
245.851976
252.856077
259.790467
266.440682
272.661272
278.390665
283.623180
288.372017
292.692765
296.631994
300.255888
303.613128
306.746558
309.661861
312.366988
314.871443
317.191424
319.347889
321.343851
323.186624
324.887723
326.452281
327.882351
329.186468
330.370720
331.444909
332.418962
333.301240
185.653109
187.493912
189.840454
192.758794
196.278296
200.335445
204.850995
209.736963
214.939925
220.462205
226.322564
232.546298
239.141573
246.017310
253.025737
259.956601
266.601341
272.814224
278.535282
283.758098
288.498374
292.813632
296.746691
300.363905
303.718670
306.846493
309.757493
312.459940
314.959098
317.277230
319.426802
321.419665
323.258775
324.956939
326.518134
327.944869
329.246000
330.427181
331.498152
332.468549
333.348825
185.436744
187.335226
189.727821
192.694349
196.253020
200.344463
204.891102
209.803568
215.030258
220.573913
226.454183
232.695415
239.303914
246.186611
253.196211
260.123706
266.763477
272.967354
278.680132
283.892036
288.625493
292.933916
296.861281
300.473516
303.824340
306.946738
309.853445
312.551571
315.047409
317.360273
319.506053
321.494880
323.331330
325.026579
326.584241
328.008251
329.305526
330.483485
331.551545
332.518875
333.397694
185.232609
187.188594
189.627222
192.638918
196.235867
200.361452
204.936264
209.874966
215.124346
220.689464
226.588858
232.848123
239.469163
246.357645
253.368942
260.291580
266.924377
273.120712
278.824491
284.027233
288.753497
293.053407
296.976051
300.584887
303.929598
307.046577
309.949847
312.643580
315.135459
317.444664
319.586016
321.571251
323.406104
325.095582
326.650008
328.070680
329.365057
330.539905
331.605323
332.570449
333.447165
185.041180
187.053976
189.536242
192.592881
196.226194
200.384195
204.987390
209.952955
215.223561
220.808800
226.727123
233.001738
239.636001
246.530647
253.541939
260.460694
267.087483
273.275482
278.969726
284.161634
288.882159
293.174136
297.087915
300.694728
304.036142
307.147337
310.046060
312.735178
315.223439
317.528299
319.665383
321.647278
323.479338
325.165099
326.715999
328.133323
329.424472
330.596452
331.659302
332.621050
333.493712
184.860381
186.921550
189.454688
192.552386
196.222422
200.412904
205.044763
210.034732
215.326669
220.931591
226.868783
233.158748
239.801945
246.704087
253.715340
260.630274
267.250696
