187.533187
187.222602
186.926176
186.645646
186.377695
186.122698
185.879977
185.653109
185.436744
185.232609
185.041180
184.860381
184.692844
184.536941
184.386036
184.250372
184.121127
184.002777
183.894651
183.795040
183.702905
183.620273
183.545820
183.480237
183.421827
183.372309
183.329848
183.295462
183.268237
183.247949
183.234409
183.227236
183.227572
183.233741
183.247302
183.265784
183.289840
183.317439
183.352611
183.393787
183.440335
183.491206
183.546726
183.607516
183.672252
183.741846
183.816606
183.896306
183.978084
184.066209
184.159188
184.256093
184.357748
184.460540
184.569664
184.681304
184.797683
184.916480
185.037438
185.162921
185.291956
185.424017
185.558439
185.697253
185.838375
185.982086
186.127707
186.276982
186.428574
186.582856
186.738176
186.893417
187.054393
187.218514
187.383480
187.552758
187.722478
187.894083
188.065914
188.241117
188.417021
188.595801
188.775133
188.957236
189.140788
189.326258
189.512978
189.702282
189.891972
190.084132
190.277194
190.470951
190.666552
190.862735
191.060128
191.262194
191.461958
191.663043
191.865448
192.068170
192.272089
