125.301018
131.625499
141.437224
141.346202
142.638303
142.077918
141.106292
149.831980
143.415283
141.735041
138.153660
131.508526
134.017845
130.211426
135.835709
127.928775
135.754147
135.555592
131.597331
133.167824
126.823511
129.316300
120.703978
118.234610
112.666700
110.344656
111.019033
111.594987
106.930292
109.902396
107.705218
108.168371
104.113262
105.458910
107.362609
105.719969
104.138334
112.555447
105.862158
107.290666
106.556471
109.908663
108.918439
108.399327
108.717855
113.141904
108.174096
106.885706
110.022221
110.797422
109.454299
109.804876
115.191427
113.975855
115.350801
113.325565
119.194741
121.542565
120.401640
123.892400
125.053260
123.103951
127.398415
128.189359
130.488658
134.271216
135.660098
140.611034
142.575205
143.102471
145.392306
150.406607
154.060663
150.025832
149.926599
156.526635
159.668972
159.561124
164.273945
165.388396
166.097641
164.026289
169.083786
172.329758
172.689843
172.148222
175.558978
173.630574
175.276351
183.196248
183.227236
183.747866
186.363990
188.409926
191.618243
189.751402
195.562884
196.430365
197.338315
198.287789
199.830059
203.060588
205.425031
204.583371
208.324029
209.625616
214.534122
210.456811
217.346711
221.326218
221.880594
222.447928
223.724905
226.500901
229.171402
228.057377
234.738756
235.850316
235.157383
241.531881
239.190279
239.771585
240.903230
242.078979
245.248094
248.162120
248.666580
250.106978
253.672702
252.177735
251.627725
253.366397
255.598164
256.344853
256.179488
258.805575
259.590328
256.803436
261.597465
260.772347
265.480549
263.939359
267.499040
263.937173
268.591459
266.770584
267.789097
265.770071
268.285152
269.237409
269.803151
272.490362
271.818694
272.091879
272.778713
270.754153
273.746614
275.797327
277.672714
274.206664
272.411753
276.316228
277.166039
277.773257
279.385659
279.074172
282.165322
283.001427
282.890034
279.467636
284.360126
277.962587
280.962905
283.442737
282.750758
278.963022
282.106916
282.083258
280.938285
279.251587
283.860585
